time_factor=2
precision=320000
synchronicity=1.000000
# 10 0.028000 0.943097
# 10 0.028200 0.940012
# 10 0.028400 0.936444
# 10 0.028600 0.933219
# 10 0.028800 0.931425
# 10 0.029000 0.928109
# 10 0.029200 0.923791
# 10 0.029400 0.921222
# 10 0.029600 0.916484
# 10 0.029800 0.913259
# 10 0.030000 0.909700
# 10 0.030200 0.904909
# 10 0.030400 0.900831
# 10 0.030600 0.896178
# 10 0.030800 0.891744
# 10 0.031000 0.886997
# 12 0.028000 0.946534
# 12 0.028200 0.944128
# 12 0.028400 0.940272
# 12 0.028600 0.936128
# 12 0.028800 0.932984
# 12 0.029000 0.928275
# 12 0.029200 0.924922
# 12 0.029400 0.920300
# 12 0.029600 0.916337
# 12 0.029800 0.910487
# 12 0.030000 0.906637
# 12 0.030200 0.900584
# 12 0.030400 0.895559
# 12 0.030600 0.889916
# 12 0.030800 0.884400
# 12 0.031000 0.879059
# 14 0.028000 0.950669
# 14 0.028200 0.946831
# 14 0.028400 0.942962
# 14 0.028600 0.939631
# 14 0.028800 0.935050
# 14 0.029000 0.930109
# 14 0.029200 0.925303
# 14 0.029400 0.920619
# 14 0.029600 0.914744
# 14 0.029800 0.909359
# 14 0.030000 0.903059
# 14 0.030200 0.897369
# 14 0.030400 0.890344
# 14 0.030600 0.884700
# 14 0.030800 0.878484
# 14 0.031000 0.870544
!

time_factor=2
precision=1064000
synchronicity=0.900000
# 10 0.027200 0.8565677969924813
# 10 0.027067 0.8610733609022556
# 10 0.026933 0.8651541879699248
# 10 0.026800 0.8687527969924812
# 10 0.026667 0.8734664135338347
# 10 0.026533 0.8769510451127819
# 10 0.026400 0.8806021804511278
# 10 0.026267 0.8846937067669174
# 10 0.026133 0.8879792932330827
# 10 0.026000 0.891610887218045
# 10 0.025867 0.8951727293233083
# 10 0.025733 0.89873492481203
# 10 0.025600 0.9026005789473684
# 10 0.025467 0.9050273007518796
# 10 0.025333 0.9088092481203007
# 10 0.025200 0.9116993533834586
# 12 0.027200 0.8516476917293234
# 12 0.027067 0.8567483157894737
# 12 0.026933 0.8618693383458647
# 12 0.026800 0.8674529849624061
# 12 0.026667 0.8715404210526316
# 12 0.026533 0.8767378721804513
# 12 0.026400 0.8815572706766918
# 12 0.026267 0.8853965639097744
# 12 0.026133 0.8897773609022556
# 12 0.026000 0.8941963383458645
# 12 0.025867 0.8985149248120301
# 12 0.025733 0.9027452330827066
# 12 0.025600 0.9061748872180451
# 12 0.025467 0.9104726766917293
# 12 0.025333 0.9138421578947369
# 12 0.025200 0.9177499022556391
# 14 0.027200 0.8469285263157895
# 14 0.027067 0.8532403759398496
# 14 0.026933 0.8591428721804512
# 14 0.026800 0.8651354135338344
# 14 0.026667 0.870950015037594
# 14 0.026533 0.876093932330827
# 14 0.026400 0.881719917293233
# 14 0.026267 0.886796127819549
# 14 0.026133 0.8923777969924811
# 14 0.026000 0.8969351503759397
# 14 0.025867 0.9014961879699249
# 14 0.025733 0.9058607443609022
# 14 0.025600 0.9103466691729323
# 14 0.025467 0.9148448045112781
# 14 0.025333 0.9185300526315787
# 14 0.025200 0.9223683007518798
!

time_factor=2
precision=680000
synchronicity=0.800000
# 10 0.023000 0.8995042941176471
# 10 0.023133 0.8962251176470589
# 10 0.023267 0.892417705882353
# 10 0.023400 0.8884852941176471
# 10 0.023533 0.8843351176470586
# 10 0.023667 0.8807603529411765
# 10 0.023800 0.877032294117647
# 10 0.023933 0.8724072352941177
# 10 0.024067 0.8684088235294117
# 10 0.024200 0.8636663529411764
# 10 0.024333 0.8602530588235293
# 10 0.024467 0.8550293529411764
# 10 0.024600 0.8507867058823528
# 10 0.024733 0.8461280588235294
# 10 0.024867 0.8410116470588236
# 10 0.025000 0.8360205294117646
# 12 0.023000 0.9038926470588236
# 12 0.023133 0.8991955294117646
# 12 0.023267 0.8954807647058824
# 12 0.023400 0.8909529411764706
# 12 0.023533 0.8865471764705883
# 12 0.023667 0.881609
# 12 0.023800 0.8772161764705882
# 12 0.023933 0.8709382352941176
# 12 0.024067 0.867174882352941
# 12 0.024200 0.8616763529411765
# 12 0.024333 0.8558264705882352
# 12 0.024467 0.8517779411764705
# 12 0.024600 0.8460559411764706
# 12 0.024733 0.8404454705882354
# 12 0.024867 0.8338293529411764
# 12 0.025000 0.8282133529411766
# 14 0.023000 0.9075264705882353
# 14 0.023133 0.9029617058823529
# 14 0.023267 0.8976424705882353
# 14 0.023400 0.8928955882352941
# 14 0.023533 0.8879619411764705
# 14 0.023667 0.882394294117647
# 14 0.023800 0.8769588235294118
# 14 0.023933 0.8714015294117646
# 14 0.024067 0.8657691764705883
# 14 0.024200 0.8592000588235295
# 14 0.024333 0.8526204117647057
# 14 0.024467 0.8462721176470589
# 14 0.024600 0.8398412352941177
# 14 0.024733 0.834307294117647
# 14 0.024867 0.8261824117647057
# 14 0.025000 0.8179882941176471
!

time_factor=2
precision=1080000
synchronicity=0.700000
# 10 0.020200 0.9196055999999999
# 10 0.020333 0.9161508444444444
# 10 0.020467 0.9131991333333334
# 10 0.020600 0.9096388888888888
# 10 0.020733 0.9060303999999999
# 10 0.020867 0.9028127333333335
# 10 0.021000 0.8991834
# 10 0.021133 0.8952609777777778
# 10 0.021267 0.8910970222222222
# 10 0.021400 0.8873343777777778
# 10 0.021533 0.883125911111111
# 10 0.021667 0.8793936444444445
# 10 0.021800 0.874012
# 10 0.021933 0.8700879777777778
# 10 0.022067 0.8653779777777777
# 10 0.022200 0.8615472444444444
# 12 0.020200 0.9258442888888889
# 12 0.020333 0.9220361111111111
# 12 0.020467 0.9183027333333333
# 12 0.020600 0.9150371333333333
# 12 0.020733 0.9109972000000001
# 12 0.020867 0.9064933555555555
# 12 0.021000 0.9017174222222221
# 12 0.021133 0.8974094444444444
# 12 0.021267 0.8932917555555556
# 12 0.021400 0.8883757555555556
# 12 0.021533 0.883362
# 12 0.021667 0.8789251999999999
# 12 0.021800 0.8733645999999999
# 12 0.021933 0.8685380222222223
# 12 0.022067 0.8631074666666666
# 12 0.022200 0.8575444000000001
# 14 0.020200 0.9310767111111111
# 14 0.020333 0.9270008444444443
# 14 0.020467 0.9237991111111111
# 14 0.020600 0.9193714000000001
# 14 0.020733 0.9148507555555554
# 14 0.020867 0.9097656222222222
# 14 0.021000 0.9054897333333334
# 14 0.021133 0.8997563999999999
# 14 0.021267 0.8952527555555557
# 14 0.021400 0.8893665777777778
# 14 0.021533 0.883733311111111
# 14 0.021667 0.8779565111111111
# 14 0.021800 0.8724388
# 14 0.021933 0.8658656222222222
# 14 0.022067 0.8594554888888888
# 14 0.022200 0.8527694444444445
!

time_factor=2
precision=704000
synchronicity=0.600000
# 10 0.018800 0.9299900909090909
# 10 0.018933 0.9273876818181818
# 10 0.019067 0.9247613181818182
# 10 0.019200 0.9205768636363636
# 10 0.019333 0.9175752272727272
# 10 0.019467 0.9148891818181817
# 10 0.019600 0.9103848636363635
# 10 0.019733 0.9083382272727274
# 10 0.019867 0.9036491818181818
# 10 0.020000 0.9009445454545454
# 10 0.020133 0.8962885
# 10 0.020267 0.8925439545454545
# 10 0.020400 0.8893494090909092
# 10 0.020533 0.8838352272727272
# 10 0.020667 0.8803864090909091
# 10 0.020800 0.8766718636363636
# 12 0.018800 0.9338180454545454
# 12 0.018933 0.9305894545454546
# 12 0.019067 0.9273650909090909
# 12 0.019200 0.9231990454545455
# 12 0.019333 0.9202088181818182
# 12 0.019467 0.9160881363636363
# 12 0.019600 0.9126221818181819
# 12 0.019733 0.9070455909090911
# 12 0.019867 0.9034303636363636
# 12 0.020000 0.8984931363636365
# 12 0.020133 0.8940725454545455
# 12 0.020267 0.8893224090909091
# 12 0.020400 0.8851264545454545
# 12 0.020533 0.8791280454545454
# 12 0.020667 0.8751179545454544
# 12 0.020800 0.8694717272727273
# 14 0.018800 0.9373025909090908
# 14 0.018933 0.9338154545454544
# 14 0.019067 0.9296449545454545
# 14 0.019200 0.9261136818181817
# 14 0.019333 0.9213719545454544
# 14 0.019467 0.9168138636363636
# 14 0.019600 0.9117514999999999
# 14 0.019733 0.9073494545454547
# 14 0.019867 0.9017570454545454
# 14 0.020000 0.8964926818181819
# 14 0.020133 0.8917215909090908
# 14 0.020267 0.8859916363636363
# 14 0.020400 0.8807644545454545
# 14 0.020533 0.8738253181818182
# 14 0.020667 0.8676225000000002
# 14 0.020800 0.8619487727272727
!

time_factor=2
precision=1200000
synchronicity=0.500000
# 10 0.017500 0.921309
# 10 0.017567 0.9193698
# 10 0.017633 0.9178107999999999
# 10 0.017700 0.9161884
# 10 0.017767 0.9145131999999999
# 10 0.017833 0.9125621999999999
# 10 0.017900 0.9105257999999999
# 10 0.017967 0.9085842000000001
# 10 0.018033 0.9065592
# 10 0.018100 0.904889
# 10 0.018167 0.9028125999999999
# 10 0.018233 0.9010223999999999
# 10 0.018300 0.8991839999999999
# 10 0.018367 0.8966442
# 10 0.018433 0.8946223999999999
# 10 0.018500 0.892535
# 12 0.017500 0.9239779999999999
# 12 0.017567 0.921834
# 12 0.017633 0.9198681999999999
# 12 0.017700 0.9176346
# 12 0.017767 0.9157026000000001
# 12 0.017833 0.9135025999999999
# 12 0.017900 0.9115714000000001
# 12 0.017967 0.90917
# 12 0.018033 0.9069026000000001
# 12 0.018100 0.9043317999999999
# 12 0.018167 0.9018915999999999
# 12 0.018233 0.8995456
# 12 0.018300 0.8974622000000001
# 12 0.018367 0.8949424000000001
# 12 0.018433 0.8919258
# 12 0.018500 0.8898606
# 14 0.017500 0.9257666000000001
# 14 0.017567 0.9236158
# 14 0.017633 0.921495
# 14 0.017700 0.9188284000000001
# 14 0.017767 0.9163815999999999
# 14 0.017833 0.9142423999999999
# 14 0.017900 0.9115784
# 14 0.017967 0.9086092
# 14 0.018033 0.906424
# 14 0.018100 0.9035784000000001
# 14 0.018167 0.9014966
# 14 0.018233 0.8983792
# 14 0.018300 0.89557
# 14 0.018367 0.892325
# 14 0.018433 0.8897998
# 14 0.018500 0.8867708
!

time_factor=2
precision=400000
synchronicity=0.400000
# 10 0.015200 0.94567
# 10 0.015333 0.942605
# 10 0.015467 0.9397125
# 10 0.015600 0.9358925
# 10 0.015733 0.93458
# 10 0.015867 0.9302625
# 10 0.016000 0.9276675
# 10 0.016133 0.923665
# 10 0.016267 0.92052
# 10 0.016400 0.9166125
# 10 0.016533 0.9131925
# 10 0.016667 0.909
# 10 0.016800 0.9048525
# 10 0.016933 0.900355
# 10 0.017067 0.8955825
# 10 0.017200 0.8922225
# 12 0.015200 0.95016
# 12 0.015333 0.9470575
# 12 0.015467 0.9437325
# 12 0.015600 0.9402025
# 12 0.015733 0.93705
# 12 0.015867 0.933605
# 12 0.016000 0.9300025
# 12 0.016133 0.9250175
# 12 0.016267 0.921735
# 12 0.016400 0.9171225
# 12 0.016533 0.9119175
# 12 0.016667 0.9071925
# 12 0.016800 0.9040225
# 12 0.016933 0.898175
# 12 0.017067 0.8934425
# 12 0.017200 0.8883825
# 14 0.015200 0.95446
# 14 0.015333 0.9508075
# 14 0.015467 0.94749
# 14 0.015600 0.944325
# 14 0.015733 0.94036
# 14 0.015867 0.9359825
# 14 0.016000 0.9321425
# 14 0.016133 0.9269075
# 14 0.016267 0.9226525
# 14 0.016400 0.917255
# 14 0.016533 0.9120425
# 14 0.016667 0.9073125
# 14 0.016800 0.90233
# 14 0.016933 0.8964825
# 14 0.017067 0.889875
# 14 0.017200 0.8840675
!

time_factor=2
precision=576000
synchronicity=0.300000
# 10 0.014500 0.936639
# 10 0.014580 0.9353146666666667
# 10 0.014660 0.9329393333333333
# 10 0.014740 0.9299686666666668
# 10 0.014820 0.9286216666666666
# 10 0.014900 0.9267846666666667
# 10 0.014980 0.9234463333333334
# 10 0.015060 0.9213453333333333
# 10 0.015140 0.9200396666666667
# 10 0.015220 0.9171873333333335
# 10 0.015300 0.9145870000000001
# 10 0.015380 0.9123733333333334
# 10 0.015460 0.9099706666666667
# 10 0.015540 0.9078053333333332
# 10 0.015620 0.9049653333333334
# 10 0.015700 0.9020433333333333
# 12 0.014500 0.9400263333333334
# 12 0.014580 0.9374843333333334
# 12 0.014660 0.9352916666666666
# 12 0.014740 0.9332203333333333
# 12 0.014820 0.930533
# 12 0.014900 0.9282013333333333
# 12 0.014980 0.9253019999999998
# 12 0.015060 0.9225676666666667
# 12 0.015140 0.9194113333333335
# 12 0.015220 0.9173503333333334
# 12 0.015300 0.9144789999999999
# 12 0.015380 0.9113523333333333
# 12 0.015460 0.9092896666666667
# 12 0.015540 0.9053766666666666
# 12 0.015620 0.9024446666666667
# 12 0.015700 0.8994603333333333
# 14 0.014500 0.9424913333333333
# 14 0.014580 0.9398439999999999
# 14 0.014660 0.937144
# 14 0.014740 0.9349270000000001
# 14 0.014820 0.9319163333333332
# 14 0.014900 0.9288526666666665
# 14 0.014980 0.9266576666666666
# 14 0.015060 0.92321
# 14 0.015140 0.9202760000000001
# 14 0.015220 0.9171163333333334
# 14 0.015300 0.9141423333333334
# 14 0.015380 0.9114113333333335
# 14 0.015460 0.908262
# 14 0.015540 0.9033109999999999
# 14 0.015620 0.9005313333333335
# 14 0.015700 0.8978803333333333
!

time_factor=2
precision=800000
synchronicity=0.200000
# 10 0.013200 0.94836375
# 10 0.013307 0.94592375
# 10 0.013413 0.94325875
# 10 0.013520 0.9408275
# 10 0.013627 0.93822125
# 10 0.013733 0.93546
# 10 0.013840 0.9326525
# 10 0.013947 0.92956375
# 10 0.014053 0.92738375
# 10 0.014160 0.92395875
# 10 0.014267 0.92088875
# 10 0.014373 0.91754125
# 10 0.014480 0.91419875
# 10 0.014587 0.910275
# 10 0.014693 0.90734
# 10 0.014800 0.90290625
# 12 0.013200 0.951385
# 12 0.013307 0.94861625
# 12 0.013413 0.94574125
# 12 0.013520 0.9431225
# 12 0.013627 0.9402325
# 12 0.013733 0.936475
# 12 0.013840 0.933525
# 12 0.013947 0.93042125
# 12 0.014053 0.92641375
# 12 0.014160 0.9224575
# 12 0.014267 0.91915
# 12 0.014373 0.914865
# 12 0.014480 0.91165375
# 12 0.014587 0.9071
# 12 0.014693 0.902665
# 12 0.014800 0.89808875
# 14 0.013200 0.9540675
# 14 0.013307 0.9514125
# 14 0.013413 0.94826625
# 14 0.013520 0.94487
# 14 0.013627 0.9419625
# 14 0.013733 0.9378375
# 14 0.013840 0.93462375
# 14 0.013947 0.93049
# 14 0.014053 0.9264475
# 14 0.014160 0.922555
# 14 0.014267 0.9182175
# 14 0.014373 0.91306375
# 14 0.014480 0.90871125
# 14 0.014587 0.903695
# 14 0.014693 0.8986375
# 14 0.014800 0.894
!

time_factor=2
precision=480000
synchronicity=0.100000
# 10 0.012000 0.95577075
# 10 0.012100 0.9543520000000001
# 10 0.012200 0.95139175
# 10 0.012300 0.94943325
# 10 0.012400 0.9468457499999999
# 10 0.012500 0.94484575
# 10 0.012600 0.9427915000000001
# 10 0.012700 0.9387957499999999
# 10 0.012800 0.9365355
# 10 0.012900 0.9337335
# 10 0.013000 0.9316749999999999
# 10 0.013100 0.9284397499999999
# 10 0.013200 0.9255832500000001
# 10 0.013300 0.92238725
# 10 0.013400 0.9190665
# 10 0.013500 0.915898
# 12 0.012000 0.95933525
# 12 0.012100 0.956652
# 12 0.012200 0.9538269999999999
# 12 0.012300 0.9514
# 12 0.012400 0.94886475
# 12 0.012500 0.94585
# 12 0.012600 0.94265625
# 12 0.012700 0.941144
# 12 0.012800 0.9363020000000001
# 12 0.012900 0.93320625
# 12 0.013000 0.93040625
# 12 0.013100 0.9270229999999999
# 12 0.013200 0.92311475
# 12 0.013300 0.9199772499999999
# 12 0.013400 0.9152269999999999
# 12 0.013500 0.9126082500000001
# 14 0.012000 0.96147075
# 14 0.012100 0.9593332499999999
# 14 0.012200 0.9567855000000001
# 14 0.012300 0.9538645
# 14 0.012400 0.9515792500000001
# 14 0.012500 0.947698
# 14 0.012600 0.94426875
# 14 0.012700 0.94085025
# 14 0.012800 0.9380040000000001
# 14 0.012900 0.9334812499999999
# 14 0.013000 0.9298647499999999
# 14 0.013100 0.9252375
# 14 0.013200 0.922169
# 14 0.013300 0.9177709999999999
# 14 0.013400 0.91315625
# 14 0.013500 0.9073022500000001
!

time_factor=2
precision=400000
synchronicity=0.000000
# 10 0.011000 0.959785
# 10 0.011100 0.9574
# 10 0.011200 0.9555825
# 10 0.011300 0.95288
# 10 0.011400 0.9515925
# 10 0.011500 0.9485425
# 10 0.011600 0.94548
# 10 0.011700 0.943005
# 10 0.011800 0.940405
# 10 0.011900 0.9371675
# 10 0.012000 0.9356575
# 10 0.012100 0.931015
# 10 0.012200 0.928755
# 10 0.012300 0.924975
# 10 0.012400 0.9219475
# 10 0.012500 0.9190675
# 12 0.011000 0.9627525
# 12 0.011100 0.96008
# 12 0.011200 0.95779
# 12 0.011300 0.9553275
# 12 0.011400 0.952555
# 12 0.011500 0.9493975
# 12 0.011600 0.946645
# 12 0.011700 0.9437275
# 12 0.011800 0.9405325
# 12 0.011900 0.937925
# 12 0.012000 0.934665
# 12 0.012100 0.931035
# 12 0.012200 0.926785
# 12 0.012300 0.9230075
# 12 0.012400 0.9193975
# 12 0.012500 0.91537
# 14 0.011000 0.9647575
# 14 0.011100 0.96281
# 14 0.011200 0.96088
# 14 0.011300 0.95776
# 14 0.011400 0.9553275
# 14 0.011500 0.9515525
# 14 0.011600 0.948385
# 14 0.011700 0.9451425
# 14 0.011800 0.94256
# 14 0.011900 0.9378025
# 14 0.012000 0.9337575
# 14 0.012100 0.9300975
# 14 0.012200 0.9252175
# 14 0.012300 0.920635
# 14 0.012400 0.9169275
# 14 0.012500 0.9123525
!

