tau=1.0

time_factor=2
precision=320000
synchronicity=1.000000
# 10 0.028000 0.943097
# 10 0.028200 0.940012
# 10 0.028400 0.936444
# 10 0.028600 0.933219
# 10 0.028800 0.931425
# 10 0.029000 0.928109
# 10 0.029200 0.923791
# 10 0.029400 0.921222
# 10 0.029600 0.916484
# 10 0.029800 0.913259
# 10 0.030000 0.909700
# 10 0.030200 0.904909
# 10 0.030400 0.900831
# 10 0.030600 0.896178
# 10 0.030800 0.891744
# 10 0.031000 0.886997
# 12 0.028000 0.946534
# 12 0.028200 0.944128
# 12 0.028400 0.940272
# 12 0.028600 0.936128
# 12 0.028800 0.932984
# 12 0.029000 0.928275
# 12 0.029200 0.924922
# 12 0.029400 0.920300
# 12 0.029600 0.916337
# 12 0.029800 0.910487
# 12 0.030000 0.906637
# 12 0.030200 0.900584
# 12 0.030400 0.895559
# 12 0.030600 0.889916
# 12 0.030800 0.884400
# 12 0.031000 0.879059
# 14 0.028000 0.950669
# 14 0.028200 0.946831
# 14 0.028400 0.942962
# 14 0.028600 0.939631
# 14 0.028800 0.935050
# 14 0.029000 0.930109
# 14 0.029200 0.925303
# 14 0.029400 0.920619
# 14 0.029600 0.914744
# 14 0.029800 0.909359
# 14 0.030000 0.903059
# 14 0.030200 0.897369
# 14 0.030400 0.890344
# 14 0.030600 0.884700
# 14 0.030800 0.878484
# 14 0.031000 0.870544
!

time_factor=2
precision=256000
synchronicity=0.900000
# 10 0.025931 0.907492
# 10 0.026078 0.903695
# 10 0.026227 0.899801
# 10 0.026374 0.897446
# 10 0.026520 0.894328
# 10 0.026669 0.889297
# 10 0.026816 0.886058
# 10 0.026962 0.880480
# 10 0.027111 0.876843
# 10 0.027258 0.871641
# 10 0.027404 0.867926
# 10 0.027553 0.863484
# 10 0.027699 0.859309
# 10 0.027846 0.854836
# 10 0.027994 0.850012
# 10 0.028141 0.843633
# 12 0.025931 0.912160
# 12 0.026078 0.908899
# 12 0.026227 0.903785
# 12 0.026374 0.900246
# 12 0.026520 0.895363
# 12 0.026669 0.891128
# 12 0.026816 0.885032
# 12 0.026962 0.881672
# 12 0.027111 0.876328
# 12 0.027258 0.871590
# 12 0.027404 0.865015
# 12 0.027553 0.859664
# 12 0.027699 0.855672
# 12 0.027846 0.847625
# 12 0.027994 0.843121
# 12 0.028141 0.836746
# 14 0.025931 0.917434
# 14 0.026078 0.911305
# 14 0.026227 0.907863
# 14 0.026374 0.902840
# 14 0.026520 0.897488
# 14 0.026669 0.891660
# 14 0.026816 0.886649
# 14 0.026962 0.881539
# 14 0.027111 0.874801
# 14 0.027258 0.868227
# 14 0.027404 0.862891
# 14 0.027553 0.855750
# 14 0.027699 0.849578
# 14 0.027846 0.842051
# 14 0.027994 0.834727
# 14 0.028141 0.828441
!

time_factor=2
precision=256000
synchronicity=0.800000
# 10 0.023388 0.905082
# 10 0.023488 0.899629
# 10 0.023587 0.898207
# 10 0.023686 0.896301
# 10 0.023785 0.893617
# 10 0.023884 0.889879
# 10 0.023983 0.887629
# 10 0.024082 0.884699
# 10 0.024181 0.882363
# 10 0.024280 0.878593
# 10 0.024379 0.875727
# 10 0.024478 0.871605
# 10 0.024577 0.870191
# 10 0.024676 0.867507
# 10 0.024775 0.861816
# 10 0.024874 0.859645
# 12 0.023388 0.908653
# 12 0.023488 0.904679
# 12 0.023587 0.901613
# 12 0.023686 0.899132
# 12 0.023785 0.895199
# 12 0.023884 0.893946
# 12 0.023983 0.889781
# 12 0.024082 0.885649
# 12 0.024181 0.882512
# 12 0.024280 0.877926
# 12 0.024379 0.875071
# 12 0.024478 0.871660
# 12 0.024577 0.868414
# 12 0.024676 0.864605
# 12 0.024775 0.860097
# 12 0.024874 0.855297
# 14 0.023388 0.911973
# 14 0.023488 0.907593
# 14 0.023587 0.904516
# 14 0.023686 0.901321
# 14 0.023785 0.897098
# 14 0.023884 0.894828
# 14 0.023983 0.889312
# 14 0.024082 0.886605
# 14 0.024181 0.882969
# 14 0.024280 0.878726
# 14 0.024379 0.875610
# 14 0.024478 0.869946
# 14 0.024577 0.865313
# 14 0.024676 0.861250
# 14 0.024775 0.855157
# 14 0.024874 0.851054
!

time_factor=3
precision=256000
synchronicity=0.700000
# 10 0.021290 0.904621
# 10 0.021375 0.902887
# 10 0.021459 0.899718
# 10 0.021544 0.897719
# 10 0.021628 0.895367
# 10 0.021713 0.893559
# 10 0.021798 0.891785
# 10 0.021882 0.887660
# 10 0.021967 0.885902
# 10 0.022051 0.882765
# 10 0.022136 0.879382
# 10 0.022220 0.876632
# 10 0.022305 0.874324
# 10 0.022389 0.872441
# 10 0.022474 0.868617
# 10 0.022559 0.865793
# 12 0.021290 0.908875
# 12 0.021375 0.907325
# 12 0.021459 0.903035
# 12 0.021544 0.900367
# 12 0.021628 0.897235
# 12 0.021713 0.895262
# 12 0.021798 0.891929
# 12 0.021882 0.887824
# 12 0.021967 0.885929
# 12 0.022051 0.882270
# 12 0.022136 0.879926
# 12 0.022220 0.876375
# 12 0.022305 0.871887
# 12 0.022389 0.869340
# 12 0.022474 0.866148
# 12 0.022559 0.861176
# 14 0.021290 0.912152
# 14 0.021375 0.909844
# 14 0.021459 0.905461
# 14 0.021544 0.903485
# 14 0.021628 0.899430
# 14 0.021713 0.897125
# 14 0.021798 0.891946
# 14 0.021882 0.889168
# 14 0.021967 0.885613
# 14 0.022051 0.881383
# 14 0.022136 0.878262
# 14 0.022220 0.874738
# 14 0.022305 0.870422
# 14 0.022389 0.867215
# 14 0.022474 0.862004
# 14 0.022559 0.858785
!

time_factor=3
precision=256000
synchronicity=0.600000
# 10 0.019183 0.933562
# 10 0.019293 0.932703
# 10 0.019402 0.930304
# 10 0.019512 0.926140
# 10 0.019621 0.924964
# 10 0.019730 0.922230
# 10 0.019840 0.918250
# 10 0.019949 0.918137
# 10 0.020058 0.913652
# 10 0.020168 0.911605
# 10 0.020277 0.908492
# 10 0.020386 0.905610
# 10 0.020495 0.902738
# 10 0.020605 0.899575
# 10 0.020713 0.894836
# 10 0.020823 0.893824
# 12 0.019183 0.937890
# 12 0.019293 0.934660
# 12 0.019402 0.931547
# 12 0.019512 0.930004
# 12 0.019621 0.927328
# 12 0.019730 0.923000
# 12 0.019840 0.920918
# 12 0.019949 0.917426
# 12 0.020058 0.914308
# 12 0.020168 0.912828
# 12 0.020277 0.907954
# 12 0.020386 0.903062
# 12 0.020495 0.900582
# 12 0.020605 0.896328
# 12 0.020713 0.892359
# 12 0.020823 0.887257
# 14 0.019183 0.941207
# 14 0.019293 0.937902
# 14 0.019402 0.935258
# 14 0.019512 0.930949
# 14 0.019621 0.929090
# 14 0.019730 0.925586
# 14 0.019840 0.921687
# 14 0.019949 0.917816
# 14 0.020058 0.914868
# 14 0.020168 0.911445
# 14 0.020277 0.905750
# 14 0.020386 0.901848
# 14 0.020495 0.897243
# 14 0.020605 0.893656
# 14 0.020713 0.888488
# 14 0.020823 0.885554
!

time_factor=2
precision=256000
synchronicity=0.500000
# 10 0.017642 0.931422
# 10 0.017746 0.928914
# 10 0.017852 0.926008
# 10 0.017956 0.923988
# 10 0.018060 0.921258
# 10 0.018166 0.918320
# 10 0.018270 0.915820
# 10 0.018374 0.912473
# 10 0.018480 0.909812
# 10 0.018584 0.907621
# 10 0.018688 0.903797
# 10 0.018794 0.899027
# 10 0.018898 0.897707
# 10 0.019002 0.893574
# 10 0.019108 0.889410
# 10 0.019212 0.885375
# 12 0.017642 0.936145
# 12 0.017746 0.932191
# 12 0.017852 0.929480
# 12 0.017956 0.926539
# 12 0.018060 0.924226
# 12 0.018166 0.919000
# 12 0.018270 0.917196
# 12 0.018374 0.914934
# 12 0.018480 0.910242
# 12 0.018584 0.906637
# 12 0.018688 0.902289
# 12 0.018794 0.899387
# 12 0.018898 0.894738
# 12 0.019002 0.891023
# 12 0.019108 0.887164
# 12 0.019212 0.882367
# 14 0.017642 0.938922
# 14 0.017746 0.935777
# 14 0.017852 0.932637
# 14 0.017956 0.929551
# 14 0.018060 0.924894
# 14 0.018166 0.922391
# 14 0.018270 0.918941
# 14 0.018374 0.914988
# 14 0.018480 0.909832
# 14 0.018584 0.907398
# 14 0.018688 0.902715
# 14 0.018794 0.897614
# 14 0.018898 0.894066
# 14 0.019002 0.888246
# 14 0.019108 0.883172
# 14 0.019212 0.877976
!

time_factor=2
precision=256000
synchronicity=0.400000
# 10 0.016092 0.943593
# 10 0.016222 0.940676
# 10 0.016354 0.937004
# 10 0.016484 0.934207
# 10 0.016614 0.931593
# 10 0.016746 0.927629
# 10 0.016876 0.923925
# 10 0.017006 0.921699
# 10 0.017138 0.916871
# 10 0.017268 0.914711
# 10 0.017397 0.910113
# 10 0.017530 0.906894
# 10 0.017659 0.901449
# 10 0.017789 0.898032
# 10 0.017921 0.893402
# 10 0.018051 0.889586
# 12 0.016092 0.947121
# 12 0.016222 0.945086
# 12 0.016354 0.940914
# 12 0.016484 0.937031
# 12 0.016614 0.934984
# 12 0.016746 0.931121
# 12 0.016876 0.926914
# 12 0.017006 0.923176
# 12 0.017138 0.918234
# 12 0.017268 0.914125
# 12 0.017397 0.908882
# 12 0.017530 0.905391
# 12 0.017659 0.899707
# 12 0.017789 0.894715
# 12 0.017921 0.889172
# 12 0.018051 0.884378
# 14 0.016092 0.952125
# 14 0.016222 0.948812
# 14 0.016354 0.946422
# 14 0.016484 0.941356
# 14 0.016614 0.937410
# 14 0.016746 0.934110
# 14 0.016876 0.929652
# 14 0.017006 0.924574
# 14 0.017138 0.919801
# 14 0.017268 0.913871
# 14 0.017397 0.908722
# 14 0.017530 0.904149
# 14 0.017659 0.897429
# 14 0.017789 0.891535
# 14 0.017921 0.886082
# 14 0.018051 0.879941
!

time_factor=6
precision=256000
synchronicity=0.300000
# 10 0.015496 0.946907
# 10 0.015603 0.943515
# 10 0.015714 0.942157
# 10 0.015822 0.939890
# 10 0.015929 0.937074
# 10 0.016040 0.934515
# 10 0.016147 0.932168
# 10 0.016255 0.929441
# 10 0.016366 0.926770
# 10 0.016473 0.923098
# 10 0.016581 0.920605
# 10 0.016691 0.917265
# 10 0.016799 0.913551
# 10 0.016906 0.911594
# 10 0.017017 0.907687
# 10 0.017124 0.905586
# 12 0.015496 0.950621
# 12 0.015603 0.946801
# 12 0.015714 0.944230
# 12 0.015822 0.942507
# 12 0.015929 0.938324
# 12 0.016040 0.936199
# 12 0.016147 0.932821
# 12 0.016255 0.930383
# 12 0.016366 0.927230
# 12 0.016473 0.923750
# 12 0.016581 0.919797
# 12 0.016691 0.916316
# 12 0.016799 0.911531
# 12 0.016906 0.907617
# 12 0.017017 0.904683
# 12 0.017124 0.900730
# 14 0.015496 0.953379
# 14 0.015603 0.949754
# 14 0.015714 0.946929
# 14 0.015822 0.943992
# 14 0.015929 0.940676
# 14 0.016040 0.937078
# 14 0.016147 0.934047
# 14 0.016255 0.930656
# 14 0.016366 0.926375
# 14 0.016473 0.921976
# 14 0.016581 0.917515
# 14 0.016691 0.914211
# 14 0.016799 0.909312
# 14 0.016906 0.905921
# 14 0.017017 0.900582
# 14 0.017124 0.896567
!

time_factor=2
precision=256000
synchronicity=0.200000
# 10 0.015065 0.935184
# 10 0.015148 0.933289
# 10 0.015226 0.929656
# 10 0.015309 0.929215
# 10 0.015392 0.925965
# 10 0.015470 0.923671
# 10 0.015553 0.921074
# 10 0.015636 0.919715
# 10 0.015714 0.917000
# 10 0.015797 0.914496
# 10 0.015879 0.911816
# 10 0.015957 0.910683
# 10 0.016040 0.907098
# 10 0.016123 0.904691
# 10 0.016201 0.902257
# 10 0.016284 0.899023
# 12 0.015065 0.937703
# 12 0.015148 0.934703
# 12 0.015226 0.932492
# 12 0.015309 0.930140
# 12 0.015392 0.927379
# 12 0.015470 0.924965
# 12 0.015553 0.922399
# 12 0.015636 0.919449
# 12 0.015714 0.916375
# 12 0.015797 0.913496
# 12 0.015879 0.910828
# 12 0.015957 0.907520
# 12 0.016040 0.904145
# 12 0.016123 0.900730
# 12 0.016201 0.898398
# 12 0.016284 0.894180
# 14 0.015065 0.938832
# 14 0.015148 0.937781
# 14 0.015226 0.934453
# 14 0.015309 0.930468
# 14 0.015392 0.928746
# 14 0.015470 0.926114
# 14 0.015553 0.923703
# 14 0.015636 0.919918
# 14 0.015714 0.917019
# 14 0.015797 0.912125
# 14 0.015879 0.908449
# 14 0.015957 0.906074
# 14 0.016040 0.901863
# 14 0.016123 0.898438
# 14 0.016201 0.893726
# 14 0.016284 0.889355
!

time_factor=2
precision=256000
synchronicity=0.100000
# 10 0.013825 0.953332
# 10 0.013952 0.950328
# 10 0.014088 0.948481
# 10 0.014215 0.944434
# 10 0.014341 0.942203
# 10 0.014478 0.939629
# 10 0.014604 0.935949
# 10 0.014731 0.932047
# 10 0.014867 0.928371
# 10 0.014994 0.926008
# 10 0.015120 0.921840
# 10 0.015256 0.917883
# 10 0.015383 0.913684
# 10 0.015509 0.910168
# 10 0.015645 0.905692
# 10 0.015772 0.902031
# 12 0.013825 0.957485
# 12 0.013952 0.955121
# 12 0.014088 0.951953
# 12 0.014215 0.948883
# 12 0.014341 0.944543
# 12 0.014478 0.941336
# 12 0.014604 0.936605
# 12 0.014731 0.933871
# 12 0.014867 0.930039
# 12 0.014994 0.926692
# 12 0.015120 0.921297
# 12 0.015256 0.916379
# 12 0.015383 0.912090
# 12 0.015509 0.908039
# 12 0.015645 0.902250
# 12 0.015772 0.896883
# 14 0.013825 0.960727
# 14 0.013952 0.958133
# 14 0.014088 0.954523
# 14 0.014215 0.951133
# 14 0.014341 0.948051
# 14 0.014478 0.943594
# 14 0.014604 0.938879
# 14 0.014731 0.935211
# 14 0.014867 0.929836
# 14 0.014994 0.925992
# 14 0.015120 0.921493
# 14 0.015256 0.915383
# 14 0.015383 0.910457
# 14 0.015509 0.905157
# 14 0.015645 0.897992
# 14 0.015772 0.891582
!

