synchronicity=1.000000
time_factor=1


precision=1088000
tau=0.000000
# 10 0.028500 0.93559092647
# 10 0.028733 0.931857514707
# 10 0.028967 0.928157147059
# 10 0.029200 0.923673632353
# 10 0.029433 0.920139617648
# 10 0.029667 0.914667308824
# 10 0.029900 0.910707647059
# 10 0.030133 0.906235191177
# 10 0.030367 0.901060529414
# 10 0.030600 0.896356485294
# 10 0.030833 0.8909035
# 10 0.031067 0.886043088235
# 10 0.031300 0.880191132353
# 10 0.031533 0.874996220588
# 10 0.031767 0.869080852941
# 10 0.032000 0.862602029412
# 12 0.028500 0.938203882352
# 12 0.028733 0.933792220588
# 12 0.028967 0.929670897061
# 12 0.029200 0.924647985294
# 12 0.029433 0.919273779413
# 12 0.029667 0.914120382354
# 12 0.029900 0.908576279414
# 12 0.030133 0.902967779412
# 12 0.030367 0.896166411765
# 12 0.030600 0.890678235294
# 12 0.030833 0.883589985294
# 12 0.031067 0.876714985295
# 12 0.031300 0.870047632352
# 12 0.031533 0.862590926469
# 12 0.031767 0.854993514707
# 12 0.032000 0.847398867647
# 14 0.028500 0.940956705881
# 14 0.028733 0.93694482353
# 14 0.028967 0.931213088236
# 14 0.029200 0.925657161765
# 14 0.029433 0.919595485293
# 14 0.029667 0.913658000001
# 14 0.029900 0.907254588236
# 14 0.030133 0.899868426471
# 14 0.030367 0.892688294118
# 14 0.030600 0.885851014706
# 14 0.030833 0.876955808824
# 14 0.031067 0.868778426472
# 14 0.031300 0.859748029412
# 14 0.031533 0.851493514706
# 14 0.031767 0.840955838236
# 14 0.032000 0.830636750001
!

precision=384000
tau=0.200000
# 10 0.028500 0.95507275
# 10 0.028733 0.953216083334
# 10 0.028967 0.94939825
# 10 0.029200 0.946010333333
# 10 0.029433 0.94354425
# 10 0.029667 0.939411333333
# 10 0.029900 0.937130083334
# 10 0.030133 0.932294166666
# 10 0.030367 0.92903375
# 10 0.030600 0.925341166666
# 10 0.030833 0.921362
# 10 0.031067 0.917489583333
# 10 0.031300 0.912968833333
# 10 0.031533 0.907934833333
# 10 0.031767 0.904822833333
# 10 0.032000 0.898801916668
# 12 0.028500 0.9599245
# 12 0.028733 0.956367083334
# 12 0.028967 0.953700416666
# 12 0.029200 0.950184833332
# 12 0.029433 0.94611975
# 12 0.029667 0.942835833333
# 12 0.029900 0.938497333333
# 12 0.030133 0.934757833333
# 12 0.030367 0.928841166667
# 12 0.030600 0.92541925
# 12 0.030833 0.91974725
# 12 0.031067 0.9151405
# 12 0.031300 0.909812416667
# 12 0.031533 0.90465875
# 12 0.031767 0.898843583333
# 12 0.032000 0.893343666667
# 14 0.028500 0.963742
# 14 0.028733 0.959947666666
# 14 0.028967 0.95649475
# 14 0.029200 0.953182083334
# 14 0.029433 0.949320166666
# 14 0.029667 0.945096166666
# 14 0.029900 0.940356666667
# 14 0.030133 0.936216083332
# 14 0.030367 0.93028375
# 14 0.030600 0.925437416666
# 14 0.030833 0.9183305
# 14 0.031067 0.912341083332
# 14 0.031300 0.90660925
# 14 0.031533 0.900473750001
# 14 0.031767 0.890893166667
# 14 0.032000 0.88357025
!

precision=384000
tau=0.400000
# 10 0.028500 0.95490875
# 10 0.028733 0.953031166667
# 10 0.028967 0.949304583333
# 10 0.029200 0.946057083333
# 10 0.029433 0.943502583333
# 10 0.029667 0.93925775
# 10 0.029900 0.9369375
# 10 0.030133 0.932127583334
# 10 0.030367 0.929070083333
# 10 0.030600 0.925585833334
# 10 0.030833 0.92128625
# 10 0.031067 0.917677
# 10 0.031300 0.913171833333
# 10 0.031533 0.9082055
# 10 0.031767 0.904786249999
# 10 0.032000 0.898458333333
# 12 0.028500 0.959841083333
# 12 0.028733 0.956273166666
# 12 0.028967 0.9536405
# 12 0.029200 0.950179666666
# 12 0.029433 0.946229083333
# 12 0.029667 0.942973833333
# 12 0.029900 0.938473833332
# 12 0.030133 0.93460925
# 12 0.030367 0.928906249999
# 12 0.030600 0.925588416666
# 12 0.030833 0.919757583333
# 12 0.031067 0.915255166666
# 12 0.031300 0.910122416667
# 12 0.031533 0.904989583334
# 12 0.031767 0.89891925
# 12 0.032000 0.893049333333
# 14 0.028500 0.963692583334
# 14 0.028733 0.959710833335
# 14 0.028967 0.956296916667
# 14 0.029200 0.953200333333
# 14 0.029433 0.949078083333
# 14 0.029667 0.945177
# 14 0.029900 0.940216083333
# 14 0.030133 0.935994583333
# 14 0.030367 0.930421833333
# 14 0.030600 0.925536416667
# 14 0.030833 0.918434833333
# 14 0.031067 0.912317583334
# 14 0.031300 0.90667425
# 14 0.031533 0.9005885
# 14 0.031767 0.890705583333
# 14 0.032000 0.883129999999
!

precision=384000
tau=0.600000
# 10 0.028500 0.95493225
# 10 0.028733 0.953025916667
# 10 0.028967 0.949226583334
# 10 0.029200 0.946109333333
# 10 0.029433 0.943486833333
# 10 0.029667 0.939429666667
# 10 0.029900 0.936940166667
# 10 0.030133 0.9322005
# 10 0.030367 0.929033833334
# 10 0.030600 0.92547125
# 10 0.030833 0.921380083333
# 10 0.031067 0.917492166667
# 10 0.031300 0.912890583333
# 10 0.031533 0.9081665
# 10 0.031767 0.904791666667
# 10 0.032000 0.898736916667
# 12 0.028500 0.959848833334
# 12 0.028733 0.956325416666
# 12 0.028967 0.95344275
# 12 0.029200 0.95017175
# 12 0.029433 0.946018
# 12 0.029667 0.942968666667
# 12 0.029900 0.93835925
# 12 0.030133 0.934754833334
# 12 0.030367 0.928903666667
# 12 0.030600 0.925570166667
# 12 0.030833 0.91978125
# 12 0.031067 0.9152005
# 12 0.031300 0.909755083334
# 12 0.031533 0.904963333334
# 12 0.031767 0.898843833333
# 12 0.032000 0.8932995
# 14 0.028500 0.963684833334
# 14 0.028733 0.959869666667
# 14 0.028967 0.95634625
# 14 0.029200 0.953273416666
# 14 0.029433 0.949177083333
# 14 0.029667 0.94517425
# 14 0.029900 0.940078
# 14 0.030133 0.935992083333
# 14 0.030367 0.930421833334
# 14 0.030600 0.925577916667
# 14 0.030833 0.918276083334
# 14 0.031067 0.912481583334
# 14 0.031300 0.90669775
# 14 0.031533 0.900739416667
# 14 0.031767 0.8906665
# 14 0.032000 0.883434666666
!

precision=384000
tau=0.800000
# 10 0.028500 0.955111916667
# 10 0.028733 0.95302075
# 10 0.028967 0.949341166667
# 10 0.029200 0.946156249999
# 10 0.029433 0.9435885
# 10 0.029667 0.93954175
# 10 0.029900 0.936929666667
# 10 0.030133 0.932088333334
# 10 0.030367 0.929041666666
# 10 0.030600 0.925354166666
# 10 0.030833 0.921340999999
# 10 0.031067 0.917262833333
# 10 0.031300 0.912924416668
# 10 0.031533 0.90790625
# 10 0.031767 0.904463416666
# 10 0.032000 0.89877325
# 12 0.028500 0.960028583334
# 12 0.028733 0.95632275
# 12 0.028967 0.953630166666
# 12 0.029200 0.95030975
# 12 0.029433 0.946260166667
# 12 0.029667 0.942914166667
# 12 0.029900 0.93843475
# 12 0.030133 0.934710833333
# 12 0.030367 0.928867
# 12 0.030600 0.925346166667
# 12 0.030833 0.9197915
# 12 0.031067 0.914981583334
# 12 0.031300 0.90973175
# 12 0.031533 0.904755
# 12 0.031767 0.898666666666
# 12 0.032000 0.893359166667
# 14 0.028500 0.963757666667
# 14 0.028733 0.959999916666
# 14 0.028967 0.956536416666
# 14 0.029200 0.95330975
# 14 0.029433 0.94904425
# 14 0.029667 0.9451875
# 14 0.029900 0.939919083334
# 14 0.030133 0.93604675
# 14 0.030367 0.930333166667
# 14 0.030600 0.925356583334
# 14 0.030833 0.918374833334
# 14 0.031067 0.912322666667
# 14 0.031300 0.906669166667
# 14 0.031533 0.90055475
# 14 0.031767 0.890692666667
# 14 0.032000 0.88346075
!

precision=384000
tau=1.000000
# 10 0.028500 0.95492175
# 10 0.028733 0.952992083333
# 10 0.028967 0.949283833333
# 10 0.029200 0.946002583333
# 10 0.029433 0.943713333333
# 10 0.029667 0.939309916667
# 10 0.029900 0.936867083334
# 10 0.030133 0.932080666667
# 10 0.030367 0.929137916667
# 10 0.030600 0.925473666666
# 10 0.030833 0.921192749999
# 10 0.031067 0.9175675
# 10 0.031300 0.912966166667
# 10 0.031533 0.908208083333
# 10 0.031767 0.9047915
# 10 0.032000 0.898471333333
# 12 0.028500 0.959822833333
# 12 0.028733 0.956278583333
# 12 0.028967 0.953713333334
# 12 0.029200 0.95019275
# 12 0.029433 0.94617175
# 12 0.029667 0.94307025
# 12 0.029900 0.938427
# 12 0.030133 0.93464075
# 12 0.030367 0.92902075
# 12 0.030600 0.925549333333
# 12 0.030833 0.919643
# 12 0.031067 0.9151795
# 12 0.031300 0.909835916666
# 12 0.031533 0.9050155
# 12 0.031767 0.898895666665
# 12 0.032000 0.893062416666
# 14 0.028500 0.96378125
# 14 0.028733 0.95983075
# 14 0.028967 0.95643475
# 14 0.029200 0.953278583333
# 14 0.029433 0.949299333333
# 14 0.029667 0.945205666666
# 14 0.029900 0.94008575
# 14 0.030133 0.9361405
# 14 0.030367 0.930401
# 14 0.030600 0.925598916668
# 14 0.030833 0.91815875
# 14 0.031067 0.9125025
# 14 0.031300 0.906703
# 14 0.031533 0.900762916667
# 14 0.031767 0.890939916668
# 14 0.032000 0.883242083334
!

precision=384000
tau=1.200000
# 10 0.028500 0.9549165
# 10 0.028733 0.95298175
# 10 0.028967 0.949236916667
# 10 0.029200 0.946098916667
# 10 0.029433 0.943414
# 10 0.029667 0.93939575
# 10 0.029900 0.936973833334
# 10 0.030133 0.932234166666
# 10 0.030367 0.928971166668
# 10 0.030600 0.925348916667
# 10 0.030833 0.921317583333
# 10 0.031067 0.917518333333
# 10 0.031300 0.91291925
# 10 0.031533 0.908101583333
# 10 0.031767 0.904880083332
# 10 0.032000 0.898791666667
# 12 0.028500 0.9599035
# 12 0.028733 0.956398416666
# 12 0.028967 0.953492166666
# 12 0.029200 0.950299416667
# 12 0.029433 0.946036416666
# 12 0.029667 0.943065
# 12 0.029900 0.938351416667
# 12 0.030133 0.934900916667
# 12 0.030367 0.929033666667
# 12 0.030600 0.92541125
# 12 0.030833 0.919856666667
# 12 0.031067 0.915148166667
# 12 0.031300 0.909838416666
# 12 0.031533 0.904812416667
# 12 0.031767 0.8990935
# 12 0.032000 0.893424416667
# 14 0.028500 0.963861916666
# 14 0.028733 0.960026
# 14 0.028967 0.95636175
# 14 0.029200 0.953260416667
# 14 0.029433 0.949294
# 14 0.029667 0.945401
# 14 0.029900 0.9401145
# 14 0.030133 0.936291583333
# 14 0.030367 0.930424416667
# 14 0.030600 0.925549416667
# 14 0.030833 0.9184895
# 14 0.031067 0.912895666666
# 14 0.031300 0.9069245
# 14 0.031533 0.900541583334
# 14 0.031767 0.8912995
# 14 0.032000 0.883679666666
!

precision=384000
tau=1.400000
# 10 0.028500 0.955067583333
# 10 0.028733 0.953067666666
# 10 0.028967 0.949281166667
# 10 0.029200 0.94633575
# 10 0.029433 0.943661416666
# 10 0.029667 0.939468666666
# 10 0.029900 0.937067666665
# 10 0.030133 0.9321405
# 10 0.030367 0.929109166666
# 10 0.030600 0.925554666667
# 10 0.030833 0.92150775
# 10 0.031067 0.917260416668
# 10 0.031300 0.913257833333
# 10 0.031533 0.908012833334
# 10 0.031767 0.904578166667
# 10 0.032000 0.898528583334
# 12 0.028500 0.95986975
# 12 0.028733 0.956325583333
# 12 0.028967 0.953775833333
# 12 0.029200 0.95054675
# 12 0.029433 0.946291666667
# 12 0.029667 0.943078
# 12 0.029900 0.938372166667
# 12 0.030133 0.934796833334
# 12 0.030367 0.929104166666
# 12 0.030600 0.925614333333
# 12 0.030833 0.919966000001
# 12 0.031067 0.914932333333
# 12 0.031300 0.910044166666
# 12 0.031533 0.90489325
# 12 0.031767 0.899049416666
# 12 0.032000 0.89339575
# 14 0.028500 0.964088333333
# 14 0.028733 0.960239333333
# 14 0.028967 0.95671075
# 14 0.029200 0.953492166666
# 14 0.029433 0.94918475
# 14 0.029667 0.9454895
# 14 0.029900 0.940119583334
# 14 0.030133 0.936328
# 14 0.030367 0.930567416667
# 14 0.030600 0.925760333333
# 14 0.030833 0.919070083335
# 14 0.031067 0.91269
# 14 0.031300 0.907283833334
# 14 0.031533 0.901216
# 14 0.031767 0.891359333333
# 14 0.032000 0.883882666666
!

precision=384000
tau=1.600000
# 10 0.028500 0.95498175
# 10 0.028733 0.953135416667
# 10 0.028967 0.94918725
# 10 0.029200 0.946015666667
# 10 0.029433 0.943765583334
# 10 0.029667 0.939572749999
# 10 0.029900 0.936854
# 10 0.030133 0.93212225
# 10 0.030367 0.929072916667
# 10 0.030600 0.925638083334
# 10 0.030833 0.921473833333
# 10 0.031067 0.917497333333
# 10 0.031300 0.913156083333
# 10 0.031533 0.908234333334
# 10 0.031767 0.90455975
# 10 0.032000 0.8983385
# 12 0.028500 0.959656
# 12 0.028733 0.9562005
# 12 0.028967 0.953544083333
# 12 0.029200 0.950260333333
# 12 0.029433 0.946140583333
# 12 0.029667 0.943080666667
# 12 0.029900 0.938260333333
# 12 0.030133 0.934872333333
# 12 0.030367 0.9290155
# 12 0.030600 0.925731583333
# 12 0.030833 0.91969775
# 12 0.031067 0.91505725
# 12 0.031300 0.9099765
# 12 0.031533 0.905103916667
# 12 0.031767 0.898882833333
# 12 0.032000 0.8929555
# 14 0.028500 0.964012833333
# 14 0.028733 0.959987
# 14 0.028967 0.956611916666
# 14 0.029200 0.9531405
# 14 0.029433 0.94908075
# 14 0.029667 0.945546833333
# 14 0.029900 0.9399975
# 14 0.030133 0.936091
# 14 0.030367 0.930546833334
# 14 0.030600 0.925851583334
# 14 0.030833 0.918505083333
# 14 0.031067 0.912705666666
# 14 0.031300 0.907249916666
# 14 0.031533 0.901315
# 14 0.031767 0.8911355
# 14 0.032000 0.883523166667
!

precision=384000
tau=1.800000
# 10 0.028500 0.954372416667
# 10 0.028733 0.952867083334
# 10 0.028967 0.948895833334
# 10 0.029200 0.945580583334
# 10 0.029433 0.94307275
# 10 0.029667 0.939106666667
# 10 0.029900 0.936062416667
# 10 0.030133 0.931400916666
# 10 0.030367 0.927989416666
# 10 0.030600 0.924565083334
# 10 0.030833 0.92069525
# 10 0.031067 0.916403583334
# 10 0.031300 0.912117083333
# 10 0.031533 0.906841083333
# 10 0.031767 0.903593583333
# 10 0.032000 0.897601416667
# 12 0.028500 0.959213416667
# 12 0.028733 0.955679416667
# 12 0.028967 0.953119666667
# 12 0.029200 0.949801916666
# 12 0.029433 0.945455666667
# 12 0.029667 0.9422525
# 12 0.029900 0.937101583333
# 12 0.030133 0.9335885
# 12 0.030367 0.92759625
# 12 0.030600 0.923716083334
# 12 0.030833 0.918765499999
# 12 0.031067 0.91360675
# 12 0.031300 0.908481666666
# 12 0.031533 0.902955583333
# 12 0.031767 0.897523416666
# 12 0.032000 0.891656166666
# 14 0.028500 0.9634635
# 14 0.028733 0.959580583333
# 14 0.028967 0.955684749999
# 14 0.029200 0.95235675
# 14 0.029433 0.948130166666
# 14 0.029667 0.944572916666
# 14 0.029900 0.93867975
# 14 0.030133 0.934091083334
# 14 0.030367 0.928747416666
# 14 0.030600 0.923484166666
# 14 0.030833 0.917023333333
# 14 0.031067 0.910869833333
# 14 0.031300 0.904984166666
# 14 0.031533 0.898390666666
# 14 0.031767 0.889335833333
# 14 0.032000 0.88128125
!

precision=384000
tau=2.000000
# 10 0.028500 0.952473833333
# 10 0.028733 0.950898250001
# 10 0.028967 0.947025833333
# 10 0.029200 0.9438385
# 10 0.029433 0.941138
# 10 0.029667 0.937257666667
# 10 0.029900 0.934372083333
# 10 0.030133 0.929575583333
# 10 0.030367 0.925835833333
# 10 0.030600 0.922432083334
# 10 0.030833 0.918174333333
# 10 0.031067 0.913674416667
# 10 0.031300 0.91012225
# 10 0.031533 0.904934833333
# 10 0.031767 0.901242083333
# 10 0.032000 0.894815000001
# 12 0.028500 0.957348833333
# 12 0.028733 0.953163916667
# 12 0.028967 0.950630083334
# 12 0.029200 0.946661333334
# 12 0.029433 0.942700583333
# 12 0.029667 0.939333166666
# 12 0.029900 0.934773333333
# 12 0.030133 0.931083166667
# 12 0.030367 0.92458075
# 12 0.030600 0.9206015
# 12 0.030833 0.914997166667
# 12 0.031067 0.909888
# 12 0.031300 0.905195166667
# 12 0.031533 0.899939916667
# 12 0.031767 0.893882583333
# 12 0.032000 0.887421666666
# 14 0.028500 0.96083075
# 14 0.028733 0.956606666667
# 14 0.028967 0.9530155
# 14 0.029200 0.94947625
# 14 0.029433 0.944994666667
# 14 0.029667 0.941174416666
# 14 0.029900 0.93540875
# 14 0.030133 0.93110675
# 14 0.030367 0.9247005
# 14 0.030600 0.919789
# 14 0.030833 0.912697833333
# 14 0.031067 0.905963583333
# 14 0.031300 0.9010025
# 14 0.031533 0.893349
# 14 0.031767 0.884359249999
# 14 0.032000 0.876057166667
!

