synchronicity=1.000000
time_factor=1


precision=1280000
tau=0.000000
# 10 0.028500 0.9354444
# 10 0.028733 0.9313804
# 10 0.028967 0.9279422
# 10 0.029200 0.9239030999999999
# 10 0.029433 0.9197633
# 10 0.029667 0.9155648
# 10 0.029900 0.9109085000000001
# 10 0.030133 0.9061618
# 10 0.030367 0.9011435000000001
# 10 0.030600 0.8964626
# 10 0.030833 0.8911553
# 10 0.031067 0.8856188999999999
# 10 0.031300 0.8803172
# 10 0.031533 0.8743345000000001
# 10 0.031767 0.8683528999999999
# 10 0.032000 0.8623748999999999
# 12 0.028500 0.9383046
# 12 0.028733 0.9337509
# 12 0.028967 0.9294022999999999
# 12 0.029200 0.9247673999999999
# 12 0.029433 0.9194547000000001
# 12 0.029667 0.9141203
# 12 0.029900 0.9081921000000001
# 12 0.030133 0.902692
# 12 0.030367 0.8969798000000001
# 12 0.030600 0.8905485000000001
# 12 0.030833 0.8843960999999999
# 12 0.031067 0.8770726999999999
# 12 0.031300 0.8700726000000001
# 12 0.031533 0.862451
# 12 0.031767 0.8548983
# 12 0.032000 0.8473053
# 14 0.028500 0.9415147999999999
# 14 0.028733 0.9362305000000001
# 14 0.028967 0.9313381000000002
# 14 0.029200 0.925575
# 14 0.029433 0.9199930000000001
# 14 0.029667 0.9131827000000001
# 14 0.029900 0.9066046
# 14 0.030133 0.8996763999999999
# 14 0.030367 0.8926460999999999
# 14 0.030600 0.8848928
# 14 0.030833 0.8768709000000001
# 14 0.031067 0.8685655999999999
# 14 0.031300 0.8599287
# 14 0.031533 0.8504734
# 14 0.031767 0.8408226000000001
# 14 0.032000 0.8316079
!

precision=1280000
tau=0.200000
# 10 0.028500 0.9514
# 10 0.028733 0.9476443999999999
# 10 0.028967 0.9455273
# 10 0.029200 0.9421384
# 10 0.029433 0.9389695
# 10 0.029667 0.9354812
# 10 0.029900 0.9312952999999999
# 10 0.030133 0.9273741
# 10 0.030367 0.9243334999999999
# 10 0.030600 0.9200688
# 10 0.030833 0.9158968999999999
# 10 0.031067 0.9107028999999999
# 10 0.031300 0.9095928000000002
# 10 0.031533 0.9021387999999999
# 10 0.031767 0.8962532000000001
# 10 0.032000 0.8917236000000001
# 12 0.028500 0.9563009
# 12 0.028733 0.9526030000000001
# 12 0.028967 0.949786
# 12 0.029200 0.9456851999999999
# 12 0.029433 0.9419092
# 12 0.029667 0.937707
# 12 0.029900 0.9328913000000001
# 12 0.030133 0.9284366
# 12 0.030367 0.9246001
# 12 0.030600 0.919983
# 12 0.030833 0.9146842000000001
# 12 0.031067 0.907985
# 12 0.031300 0.9062642
# 12 0.031533 0.8976343999999999
# 12 0.031767 0.8905468000000001
# 12 0.032000 0.8849401
# 14 0.028500 0.9604171999999999
# 14 0.028733 0.9565609
# 14 0.028967 0.9536727999999999
# 14 0.029200 0.9490548000000001
# 14 0.029433 0.9451906000000001
# 14 0.029667 0.9401719000000001
# 14 0.029900 0.9344109
# 14 0.030133 0.92945
# 14 0.030367 0.9245225
# 14 0.030600 0.9187788
# 14 0.030833 0.9120642
# 14 0.031067 0.9052041
# 14 0.031300 0.9020834999999999
# 14 0.031533 0.8919656000000001
# 14 0.031767 0.8831217
# 14 0.032000 0.8771467999999999
!

precision=1280000
tau=0.400000
# 10 0.028500 0.9517423
# 10 0.028733 0.9482358
# 10 0.028967 0.9453913
# 10 0.029200 0.9421508
# 10 0.029433 0.9387555000000001
# 10 0.029667 0.9347108000000001
# 10 0.029900 0.9319476999999999
# 10 0.030133 0.9280134
# 10 0.030367 0.9243116
# 10 0.030600 0.9195406999999999
# 10 0.030833 0.9159101000000001
# 10 0.031067 0.9115241
# 10 0.031300 0.9071179
# 10 0.031533 0.9012342000000001
# 10 0.031767 0.8970328000000002
# 10 0.032000 0.8945235
# 12 0.028500 0.9566687
# 12 0.028733 0.9529491
# 12 0.028967 0.9496321
# 12 0.029200 0.9457390999999999
# 12 0.029433 0.9416053
# 12 0.029667 0.9370741
# 12 0.029900 0.9335374
# 12 0.030133 0.9290665000000001
# 12 0.030367 0.9246139999999999
# 12 0.030600 0.9194507
# 12 0.030833 0.9147118000000001
# 12 0.031067 0.9086486
# 12 0.031300 0.9034861000000001
# 12 0.031533 0.8969612000000001
# 12 0.031767 0.8912711
# 12 0.032000 0.8882653999999999
# 14 0.028500 0.9606900000000002
# 14 0.028733 0.9569992
# 14 0.028967 0.9535735999999999
# 14 0.029200 0.9490821
# 14 0.029433 0.9448622999999999
# 14 0.029667 0.9396749
# 14 0.029900 0.9349397999999999
# 14 0.030133 0.9299968000000001
# 14 0.030367 0.9245108
# 14 0.030600 0.9183718000000001
# 14 0.030833 0.912083
# 14 0.031067 0.9057999
# 14 0.031300 0.8990428
# 14 0.031533 0.8915007000000001
# 14 0.031767 0.8841414000000001
# 14 0.032000 0.8803586999999999
!

precision=1280000
tau=0.600000
# 10 0.028500 0.9513974000000001
# 10 0.028733 0.9477179
# 10 0.028967 0.9455187
# 10 0.029200 0.9421405
# 10 0.029433 0.9408314
# 10 0.029667 0.9346296999999999
# 10 0.029900 0.9313664
# 10 0.030133 0.9273829000000001
# 10 0.030367 0.9235770000000001
# 10 0.030600 0.9194162
# 10 0.030833 0.9162778
# 10 0.031067 0.9115315
# 10 0.031300 0.9097780999999999
# 10 0.031533 0.901157
# 10 0.031767 0.8970438000000001
# 10 0.032000 0.8917290000000001
# 12 0.028500 0.9562959999999999
# 12 0.028733 0.952622
# 12 0.028967 0.9497741000000002
# 12 0.029200 0.9456866999999999
# 12 0.029433 0.9438165
# 12 0.029667 0.9369734000000001
# 12 0.029900 0.93295
# 12 0.030133 0.9284435999999999
# 12 0.030367 0.9239523999999999
# 12 0.030600 0.9193155000000001
# 12 0.030833 0.915193
# 12 0.031067 0.908665
# 12 0.031300 0.9064804
# 12 0.031533 0.8968741
# 12 0.031767 0.891307
# 12 0.032000 0.8849584999999999
# 14 0.028500 0.9604218000000001
# 14 0.028733 0.9566172000000001
# 14 0.028967 0.9536796000000001
# 14 0.029200 0.9490516
# 14 0.029433 0.9470156
# 14 0.029667 0.9396288999999999
# 14 0.029900 0.9345235000000001
# 14 0.030133 0.9294313
# 14 0.030367 0.9238306000000001
# 14 0.030600 0.9182383
# 14 0.030833 0.9126747
# 14 0.031067 0.9058009
# 14 0.031300 0.9023482
# 14 0.031533 0.8914827999999999
# 14 0.031767 0.8841546
# 14 0.032000 0.8771342999999999
!

precision=1280000
tau=0.800000
# 10 0.028500 0.9514060000000001
# 10 0.028733 0.9482062
# 10 0.028967 0.9455281999999999
# 10 0.029200 0.9421392
# 10 0.029433 0.9389688999999999
# 10 0.029667 0.9354764999999999
# 10 0.029900 0.9319599000000001
# 10 0.030133 0.9279789
# 10 0.030367 0.9243389999999999
# 10 0.030600 0.9195490999999998
# 10 0.030833 0.9158937000000001
# 10 0.031067 0.9114883
# 10 0.031300 0.9095779999999999
# 10 0.031533 0.9021266
# 10 0.031767 0.8969993
# 10 0.032000 0.8917508
# 12 0.028500 0.9562732
# 12 0.028733 0.9529421
# 12 0.028967 0.9497834999999999
# 12 0.029200 0.9457028999999999
# 12 0.029433 0.9418989999999999
# 12 0.029667 0.9376985000000001
# 12 0.029900 0.9335562
# 12 0.030133 0.9290889000000001
# 12 0.030367 0.9246162999999998
# 12 0.030600 0.9194116
# 12 0.030833 0.9146984
# 12 0.031067 0.9086453
# 12 0.031300 0.9062992999999998
# 12 0.031533 0.8976352000000001
# 12 0.031767 0.8912883
# 12 0.032000 0.8849922999999998
# 14 0.028500 0.9603915000000001
# 14 0.028733 0.9570351
# 14 0.028967 0.9536812
# 14 0.029200 0.9491118000000001
# 14 0.029433 0.9451818999999999
# 14 0.029667 0.9401368
# 14 0.029900 0.9349616
# 14 0.030133 0.9299685999999999
# 14 0.030367 0.9245367
# 14 0.030600 0.9183594999999999
# 14 0.030833 0.9121773000000001
# 14 0.031067 0.9058875
# 14 0.031300 0.9020634
# 14 0.031533 0.8920030999999999
# 14 0.031767 0.8840889
# 14 0.032000 0.877175
!

precision=1280000
tau=1.000000
# 10 0.028500 0.9514228000000001
# 10 0.028733 0.9482257
# 10 0.028967 0.9454047000000001
# 10 0.029200 0.9421273000000001
# 10 0.029433 0.9387711
# 10 0.029667 0.9347346
# 10 0.029900 0.9319528
# 10 0.030133 0.9279641
# 10 0.030367 0.9235747999999999
# 10 0.030600 0.9194350999999998
# 10 0.030833 0.9186787000000001
# 10 0.031067 0.9115201999999999
# 10 0.031300 0.9098437
# 10 0.031533 0.9011445
# 10 0.031767 0.8970094000000001
# 10 0.032000 0.8944962
# 12 0.028500 0.956261
# 12 0.028733 0.9529679
# 12 0.028967 0.9496601999999998
# 12 0.029200 0.9456850999999998
# 12 0.029433 0.9416194999999999
# 12 0.029667 0.9370767
# 12 0.029900 0.9336017000000002
# 12 0.030133 0.9291337
# 12 0.030367 0.9239787
# 12 0.030600 0.9192538
# 12 0.030833 0.9174327999999999
# 12 0.031067 0.90865
# 12 0.031300 0.9064592
# 12 0.031533 0.8968967000000001
# 12 0.031767 0.8912398000000001
# 12 0.032000 0.888193
# 14 0.028500 0.9604155000000001
# 14 0.028733 0.9570704000000001
# 14 0.028967 0.9536181
# 14 0.029200 0.949058
# 14 0.029433 0.9448187
# 14 0.029667 0.9396719000000001
# 14 0.029900 0.9349476999999999
# 14 0.030133 0.9299280999999999
# 14 0.030367 0.923789
# 14 0.030600 0.9182039000000001
# 14 0.030833 0.9151189000000001
# 14 0.031067 0.9060007000000001
# 14 0.031300 0.9023915000000001
# 14 0.031533 0.8914062
# 14 0.031767 0.8841476999999999
# 14 0.032000 0.8804117999999999
!

precision=1280000
tau=1.200000
# 10 0.028500 0.9514187000000002
# 10 0.028733 0.9476874
# 10 0.028967 0.9455397000000001
# 10 0.029200 0.9421396999999999
# 10 0.029433 0.9408334999999999
# 10 0.029667 0.9346382
# 10 0.029900 0.9313475
# 10 0.030133 0.9273492
# 10 0.030367 0.9235445
# 10 0.030600 0.9201009
# 10 0.030833 0.9159398
# 10 0.031067 0.9115078999999999
# 10 0.031300 0.9096460999999999
# 10 0.031533 0.9022013999999999
# 10 0.031767 0.8970084999999999
# 10 0.032000 0.8917961999999999
# 12 0.028500 0.9562609000000001
# 12 0.028733 0.95265
# 12 0.028967 0.9497939000000001
# 12 0.029200 0.9457015999999999
# 12 0.029433 0.9438453000000001
# 12 0.029667 0.9369939
# 12 0.029900 0.9329413000000001
# 12 0.030133 0.9284094
# 12 0.030367 0.9238992
# 12 0.030600 0.9198818000000001
# 12 0.030833 0.9148287
# 12 0.031067 0.9086485000000001
# 12 0.031300 0.9062708999999999
# 12 0.031533 0.8976476000000001
# 12 0.031767 0.8912787999999998
# 12 0.032000 0.8849573000000001
# 14 0.028500 0.9604337
# 14 0.028733 0.9566812
# 14 0.028967 0.9537724
# 14 0.029200 0.9489563
# 14 0.029433 0.947053
# 14 0.029667 0.9396076999999999
# 14 0.029900 0.9345576999999999
# 14 0.030133 0.9294554
# 14 0.030367 0.9237767
# 14 0.030600 0.9188812
# 14 0.030833 0.9121625
# 14 0.031067 0.9060064
# 14 0.031300 0.9021461
# 14 0.031533 0.8920959999999999
# 14 0.031767 0.8842047999999999
# 14 0.032000 0.8771310999999999
!

precision=1280000
tau=1.400000
# 10 0.028500 0.9513875
# 10 0.028733 0.9481725999999999
# 10 0.028967 0.9455601999999999
# 10 0.029200 0.9421639
# 10 0.029433 0.9387812
# 10 0.029667 0.9355538999999999
# 10 0.029900 0.9319814000000001
# 10 0.030133 0.928042
# 10 0.030367 0.9242225999999999
# 10 0.030600 0.9195920999999998
# 10 0.030833 0.9160459000000001
# 10 0.031067 0.9116156999999999
# 10 0.031300 0.9071282
# 10 0.031533 0.9012937999999998
# 10 0.031767 0.8970743
# 10 0.032000 0.8945016
# 12 0.028500 0.9562571
# 12 0.028733 0.9530508
# 12 0.028967 0.9498189
# 12 0.029200 0.9457119
# 12 0.029433 0.9417038000000001
# 12 0.029667 0.9377295999999998
# 12 0.029900 0.9336414999999999
# 12 0.030133 0.9291821
# 12 0.030367 0.9245985000000001
# 12 0.030600 0.9193256000000001
# 12 0.030833 0.9148612000000002
# 12 0.031067 0.9086891000000001
# 12 0.031300 0.9035805
# 12 0.031533 0.8969019
# 12 0.031767 0.891318
# 12 0.032000 0.8883781000000001
# 14 0.028500 0.9604594000000001
# 14 0.028733 0.9569907000000001
# 14 0.028967 0.9537781999999999
# 14 0.029200 0.9490782999999999
# 14 0.029433 0.9449211999999999
# 14 0.029667 0.9402905999999999
# 14 0.029900 0.9350343000000001
# 14 0.030133 0.9300571
# 14 0.030367 0.9246747999999999
# 14 0.030600 0.9183899999999999
# 14 0.030833 0.9122451000000001
# 14 0.031067 0.9061375
# 14 0.031300 0.899265
# 14 0.031533 0.8915608
# 14 0.031767 0.8842701999999999
# 14 0.032000 0.8805592000000001
!

precision=1280000
tau=1.600000
# 10 0.028500 0.9513857999999998
# 10 0.028733 0.9477203000000002
# 10 0.028967 0.9448093000000001
# 10 0.029200 0.9421657999999999
# 10 0.029433 0.9387757
# 10 0.029667 0.93479
# 10 0.029900 0.9313780999999999
# 10 0.030133 0.9273117999999999
# 10 0.030367 0.9235742999999998
# 10 0.030600 0.9195059999999999
# 10 0.030833 0.9187524000000001
# 10 0.031067 0.911607
# 10 0.031300 0.9097243
# 10 0.031533 0.9011781000000001
# 10 0.031767 0.8970875
# 10 0.032000 0.8945146999999999
# 12 0.028500 0.9562508
# 12 0.028733 0.9527279999999999
# 12 0.028967 0.9493328
# 12 0.029200 0.9457148000000001
# 12 0.029433 0.9417476
# 12 0.029667 0.9370961000000001
# 12 0.029900 0.9330162000000001
# 12 0.030133 0.9284835000000001
# 12 0.030367 0.9239858
# 12 0.030600 0.9192494000000001
# 12 0.030833 0.9175429
# 12 0.031067 0.9087233
# 12 0.031300 0.9065931
# 12 0.031533 0.8969171
# 12 0.031767 0.8913843000000001
# 12 0.032000 0.8884359000000001
# 14 0.028500 0.9604617
# 14 0.028733 0.9566868000000001
# 14 0.028967 0.9531837
# 14 0.029200 0.9491194000000002
# 14 0.029433 0.9449614
# 14 0.029667 0.939785
# 14 0.029900 0.9345969999999999
# 14 0.030133 0.9296196
# 14 0.030367 0.9239734000000001
# 14 0.030600 0.9184110000000001
# 14 0.030833 0.9153233000000001
# 14 0.031067 0.9062548
# 14 0.031300 0.902589
# 14 0.031533 0.8915946
# 14 0.031767 0.8844266
# 14 0.032000 0.8807584
!

precision=1280000
tau=1.800000
# 10 0.028500 0.9513879999999999
# 10 0.028733 0.9475952000000001
# 10 0.028967 0.9456008999999999
# 10 0.029200 0.9422352
# 10 0.029433 0.9389290000000001
# 10 0.029667 0.9354545
# 10 0.029900 0.9314452999999999
# 10 0.030133 0.9273460000000001
# 10 0.030367 0.9234866
# 10 0.030600 0.9199717000000001
# 10 0.030833 0.9160351000000001
# 10 0.031067 0.9108093999999999
# 10 0.031300 0.9096654000000001
# 10 0.031533 0.902122
# 10 0.031767 0.8961898000000001
# 10 0.032000 0.8918094999999999
# 12 0.028500 0.9563391
# 12 0.028733 0.9526788
# 12 0.028967 0.9498209000000001
# 12 0.029200 0.9458249
# 12 0.029433 0.9419596
# 12 0.029667 0.9377087
# 12 0.029900 0.9329850000000001
# 12 0.030133 0.9284641
# 12 0.030367 0.9239274000000002
# 12 0.030600 0.9200977000000001
# 12 0.030833 0.9147725
# 12 0.031067 0.9080383
# 12 0.031300 0.9064181
# 12 0.031533 0.8976812
# 12 0.031767 0.8906117
# 12 0.032000 0.8851341
# 14 0.028500 0.9604717
# 14 0.028733 0.956635
# 14 0.028967 0.9538095
# 14 0.029200 0.9491289999999999
# 14 0.029433 0.9453266
# 14 0.029667 0.9403748
# 14 0.029900 0.9346391
# 14 0.030133 0.9294984000000001
# 14 0.030367 0.9239946
# 14 0.030600 0.9190891999999999
# 14 0.030833 0.9123462
# 14 0.031067 0.9055030999999999
# 14 0.031300 0.9023601000000001
# 14 0.031533 0.8924032
# 14 0.031767 0.8836755999999999
# 14 0.032000 0.8776555
!

precision=1280000
tau=2.000000
# 10 0.028500 0.9517452
# 10 0.028733 0.9480571
# 10 0.028967 0.9454724
# 10 0.029200 0.9422476000000001
# 10 0.029433 0.9386999
# 10 0.029667 0.9348209999999999
# 10 0.029900 0.9319989
# 10 0.030133 0.9279030999999999
# 10 0.030367 0.9235302
# 10 0.030600 0.9189546000000001
# 10 0.030833 0.9154795
# 10 0.031067 0.9111100000000001
# 10 0.031300 0.9066728
# 10 0.031533 0.9005928
# 10 0.031767 0.8963112000000001
# 10 0.032000 0.8937645999999999
# 12 0.028500 0.9566874
# 12 0.028733 0.9530313
# 12 0.028967 0.9497202000000001
# 12 0.029200 0.9458243000000001
# 12 0.029433 0.9416501999999999
# 12 0.029667 0.9371016
# 12 0.029900 0.9335976999999999
# 12 0.030133 0.9292375
# 12 0.030367 0.9235446999999999
# 12 0.030600 0.9183559000000001
# 12 0.030833 0.913524
# 12 0.031067 0.9076047
# 12 0.031300 0.9021618
# 12 0.031533 0.8955943999999999
# 12 0.031767 0.890086
# 12 0.032000 0.8868758
# 14 0.028500 0.9608538000000001
# 14 0.028733 0.9570411
# 14 0.028967 0.9537220999999999
# 14 0.029200 0.9491102000000001
# 14 0.029433 0.9450265
# 14 0.029667 0.9397531000000001
# 14 0.029900 0.9350906999999999
# 14 0.030133 0.9301718999999999
# 14 0.030367 0.9228562
# 14 0.030600 0.916575
# 14 0.030833 0.910335
# 14 0.031067 0.9041819999999999
# 14 0.031300 0.8972921
# 14 0.031533 0.8896185999999999
# 14 0.031767 0.8823392
# 14 0.032000 0.8784545
!

