time_factor=2
precision=320000
synchronicity=1.000000
# 10 0.028000 0.943097
# 10 0.028200 0.940012
# 10 0.028400 0.936444
# 10 0.028600 0.933219
# 10 0.028800 0.931425
# 10 0.029000 0.928109
# 10 0.029200 0.923791
# 10 0.029400 0.921222
# 10 0.029600 0.916484
# 10 0.029800 0.913259
# 10 0.030000 0.909700
# 10 0.030200 0.904909
# 10 0.030400 0.900831
# 10 0.030600 0.896178
# 10 0.030800 0.891744
# 10 0.031000 0.886997
# 12 0.028000 0.946534
# 12 0.028200 0.944128
# 12 0.028400 0.940272
# 12 0.028600 0.936128
# 12 0.028800 0.932984
# 12 0.029000 0.928275
# 12 0.029200 0.924922
# 12 0.029400 0.920300
# 12 0.029600 0.916337
# 12 0.029800 0.910487
# 12 0.030000 0.906637
# 12 0.030200 0.900584
# 12 0.030400 0.895559
# 12 0.030600 0.889916
# 12 0.030800 0.884400
# 12 0.031000 0.879059
# 14 0.028000 0.950669
# 14 0.028200 0.946831
# 14 0.028400 0.942962
# 14 0.028600 0.939631
# 14 0.028800 0.935050
# 14 0.029000 0.930109
# 14 0.029200 0.925303
# 14 0.029400 0.920619
# 14 0.029600 0.914744
# 14 0.029800 0.909359
# 14 0.030000 0.903059
# 14 0.030200 0.897369
# 14 0.030400 0.890344
# 14 0.030600 0.884700
# 14 0.030800 0.878484
# 14 0.031000 0.870544
!

time_factor=2
precision=160000
synchronicity=0.900000
# 10 0.026042 0.912112
# 10 0.026263 0.906563
# 10 0.026484 0.902081
# 10 0.026705 0.896881
# 10 0.026926 0.892394
# 10 0.027147 0.884231
# 10 0.027368 0.877888
# 10 0.027589 0.871994
# 10 0.027810 0.863412
# 10 0.028031 0.858156
# 10 0.028252 0.850075
# 10 0.028473 0.842506
# 10 0.028694 0.834937
# 10 0.028915 0.826725
# 10 0.029135 0.818794
# 10 0.029356 0.810119
# 12 0.026042 0.919075
# 12 0.026263 0.911706
# 12 0.026484 0.908087
# 12 0.026705 0.900400
# 12 0.026926 0.894931
# 12 0.027147 0.888313
# 12 0.027368 0.878388
# 12 0.027589 0.872356
# 12 0.027810 0.863131
# 12 0.028031 0.853675
# 12 0.028252 0.846487
# 12 0.028473 0.834444
# 12 0.028694 0.826394
# 12 0.028915 0.816506
# 12 0.029135 0.806262
# 12 0.029356 0.794737
# 14 0.026042 0.926569
# 14 0.026263 0.917444
# 14 0.026484 0.911581
# 14 0.026705 0.905100
# 14 0.026926 0.897875
# 14 0.027147 0.888981
# 14 0.027368 0.879550
# 14 0.027589 0.870275
# 14 0.027810 0.861350
# 14 0.028031 0.850388
# 14 0.028252 0.837419
# 14 0.028473 0.827375
# 14 0.028694 0.816594
# 14 0.028915 0.804144
# 14 0.029135 0.792856
# 14 0.029356 0.777900
!

time_factor=2
precision=224000
synchronicity=0.800000
# 10 0.023636 0.923727
# 10 0.023884 0.918960
# 10 0.024131 0.912732
# 10 0.024379 0.905527
# 10 0.024626 0.899031
# 10 0.024874 0.891027
# 10 0.025121 0.885196
# 10 0.025369 0.877803
# 10 0.025616 0.869125
# 10 0.025863 0.859447
# 10 0.026111 0.853210
# 10 0.026358 0.843839
# 10 0.026605 0.834536
# 10 0.026853 0.825442
# 10 0.027100 0.815344
# 10 0.027347 0.804424
# 12 0.023636 0.931995
# 12 0.023884 0.926031
# 12 0.024131 0.918585
# 12 0.024379 0.913094
# 12 0.024626 0.906049
# 12 0.024874 0.895737
# 12 0.025121 0.889170
# 12 0.025369 0.879375
# 12 0.025616 0.869697
# 12 0.025863 0.858875
# 12 0.026111 0.848759
# 12 0.026358 0.837942
# 12 0.026605 0.828005
# 12 0.026853 0.815786
# 12 0.027100 0.803125
# 12 0.027347 0.792446
# 14 0.023636 0.939402
# 14 0.023884 0.932924
# 14 0.024131 0.924437
# 14 0.024379 0.917808
# 14 0.024626 0.907879
# 14 0.024874 0.899549
# 14 0.025121 0.890634
# 14 0.025369 0.879612
# 14 0.025616 0.868192
# 14 0.025863 0.857460
# 14 0.026111 0.844362
# 14 0.026358 0.832161
# 14 0.026605 0.818147
# 14 0.026853 0.803553
# 14 0.027100 0.789482
# 14 0.027347 0.773335
!

time_factor=3
precision=128000
synchronicity=0.700000
# 10 0.021995 0.928969
# 10 0.022267 0.922000
# 10 0.022540 0.915273
# 10 0.022812 0.907734
# 10 0.023084 0.900867
# 10 0.023357 0.891922
# 10 0.023629 0.882609
# 10 0.023901 0.875258
# 10 0.024174 0.864094
# 10 0.024445 0.856758
# 10 0.024717 0.846063
# 10 0.024990 0.836476
# 10 0.025261 0.825078
# 10 0.025533 0.813250
# 10 0.025806 0.800547
# 10 0.026077 0.789516
# 12 0.021995 0.936312
# 12 0.022267 0.929047
# 12 0.022540 0.921695
# 12 0.022812 0.912711
# 12 0.023084 0.905852
# 12 0.023357 0.894781
# 12 0.023629 0.885516
# 12 0.023901 0.873930
# 12 0.024174 0.863641
# 12 0.024445 0.850719
# 12 0.024717 0.839445
# 12 0.024990 0.826828
# 12 0.025261 0.814547
# 12 0.025533 0.798664
# 12 0.025806 0.782508
# 12 0.026077 0.770680
# 14 0.021995 0.943063
# 14 0.022267 0.934562
# 14 0.022540 0.925648
# 14 0.022812 0.919508
# 14 0.023084 0.907648
# 14 0.023357 0.897297
# 14 0.023629 0.885851
# 14 0.023901 0.873117
# 14 0.024174 0.862187
# 14 0.024445 0.846820
# 14 0.024717 0.830758
# 14 0.024990 0.815797
# 14 0.025261 0.802398
# 14 0.025533 0.783625
# 14 0.025806 0.765789
# 14 0.026077 0.745258
!

time_factor=3
precision=128000
synchronicity=0.600000
# 10 0.020987 0.938070
# 10 0.021205 0.933375
# 10 0.021424 0.927313
# 10 0.021642 0.923672
# 10 0.021860 0.919781
# 10 0.022079 0.912820
# 10 0.022297 0.906656
# 10 0.022515 0.901250
# 10 0.022734 0.894164
# 10 0.022951 0.888930
# 10 0.023169 0.880922
# 10 0.023388 0.875938
# 10 0.023605 0.864891
# 10 0.023823 0.858922
# 10 0.024042 0.851977
# 10 0.024259 0.845633
# 12 0.020987 0.944172
# 12 0.021205 0.937102
# 12 0.021424 0.933109
# 12 0.021642 0.927945
# 12 0.021860 0.921406
# 12 0.022079 0.913867
# 12 0.022297 0.908289
# 12 0.022515 0.900180
# 12 0.022734 0.892750
# 12 0.022951 0.886836
# 12 0.023169 0.876922
# 12 0.023388 0.867891
# 12 0.023605 0.859930
# 12 0.023823 0.849812
# 12 0.024042 0.839727
# 12 0.024259 0.831008
# 14 0.020987 0.948695
# 14 0.021205 0.942758
# 14 0.021424 0.937625
# 14 0.021642 0.930039
# 14 0.021860 0.924266
# 14 0.022079 0.916914
# 14 0.022297 0.909461
# 14 0.022515 0.900906
# 14 0.022734 0.893594
# 14 0.022951 0.883656
# 14 0.023169 0.871781
# 14 0.023388 0.863156
# 14 0.023605 0.851766
# 14 0.023823 0.840274
# 14 0.024042 0.826680
# 14 0.024259 0.815539
!

time_factor=2
precision=224000
synchronicity=0.500000
# 10 0.019800 0.933393
# 10 0.019996 0.928174
# 10 0.020192 0.924196
# 10 0.020388 0.918987
# 10 0.020584 0.913987
# 10 0.020780 0.908634
# 10 0.020975 0.902549
# 10 0.021171 0.897357
# 10 0.021367 0.890924
# 10 0.021562 0.883911
# 10 0.021758 0.877531
# 10 0.021954 0.871188
# 10 0.022149 0.863974
# 10 0.022345 0.856178
# 10 0.022540 0.849621
# 10 0.022736 0.840978
# 12 0.019800 0.939281
# 12 0.019996 0.933933
# 12 0.020192 0.929000
# 12 0.020388 0.922781
# 12 0.020584 0.916353
# 12 0.020780 0.910951
# 12 0.020975 0.903875
# 12 0.021171 0.896835
# 12 0.021367 0.889085
# 12 0.021562 0.883344
# 12 0.021758 0.874496
# 12 0.021954 0.865710
# 12 0.022149 0.855813
# 12 0.022345 0.847848
# 12 0.022540 0.839250
# 12 0.022736 0.829147
# 14 0.019800 0.943781
# 14 0.019996 0.938558
# 14 0.020192 0.932402
# 14 0.020388 0.926982
# 14 0.020584 0.919558
# 14 0.020780 0.913130
# 14 0.020975 0.904049
# 14 0.021171 0.897116
# 14 0.021367 0.887844
# 14 0.021562 0.881286
# 14 0.021758 0.868884
# 14 0.021954 0.859763
# 14 0.022149 0.849139
# 14 0.022345 0.839076
# 14 0.022540 0.828125
# 14 0.022736 0.815625
!

time_factor=2
precision=224000
synchronicity=0.400000
# 10 0.018784 0.936723
# 10 0.018979 0.931196
# 10 0.019175 0.927205
# 10 0.019370 0.921505
# 10 0.019565 0.916857
# 10 0.019761 0.912451
# 10 0.019956 0.905732
# 10 0.020151 0.899518
# 10 0.020346 0.893620
# 10 0.020541 0.888201
# 10 0.020736 0.881406
# 10 0.020931 0.872781
# 10 0.021126 0.866826
# 10 0.021321 0.860116
# 10 0.021516 0.851241
# 10 0.021710 0.841790
# 12 0.018784 0.941049
# 12 0.018979 0.936344
# 12 0.019175 0.931964
# 12 0.019370 0.926411
# 12 0.019565 0.920924
# 12 0.019761 0.913576
# 12 0.019956 0.907705
# 12 0.020151 0.899504
# 12 0.020346 0.892098
# 12 0.020541 0.884728
# 12 0.020736 0.876388
# 12 0.020931 0.867406
# 12 0.021126 0.859670
# 12 0.021321 0.848947
# 12 0.021516 0.841554
# 12 0.021710 0.830246
# 14 0.018784 0.946116
# 14 0.018979 0.940674
# 14 0.019175 0.935384
# 14 0.019370 0.930728
# 14 0.019565 0.920607
# 14 0.019761 0.914536
# 14 0.019956 0.907067
# 14 0.020151 0.900071
# 14 0.020346 0.890348
# 14 0.020541 0.882777
# 14 0.020736 0.872219
# 14 0.020931 0.860094
# 14 0.021126 0.850219
# 14 0.021321 0.837585
# 14 0.021516 0.827871
# 14 0.021710 0.816330
!

time_factor=2
precision=371200
synchronicity=0.300000
# 10 0.017774 0.937818
# 10 0.017927 0.934771
# 10 0.018076 0.930673
# 10 0.018229 0.926053
# 10 0.018382 0.922303
# 10 0.018531 0.917796
# 10 0.018684 0.914456
# 10 0.018836 0.909722
# 10 0.018985 0.904790
# 10 0.019138 0.899949
# 10 0.019290 0.893750
# 10 0.019439 0.890178
# 10 0.019592 0.884790
# 10 0.019744 0.878570
# 10 0.019893 0.874383
# 10 0.020045 0.868777
# 12 0.017774 0.943774
# 12 0.017927 0.939873
# 12 0.018076 0.935498
# 12 0.018229 0.931272
# 12 0.018382 0.926611
# 12 0.018531 0.921369
# 12 0.018684 0.916899
# 12 0.018836 0.911549
# 12 0.018985 0.907198
# 12 0.019138 0.900501
# 12 0.019290 0.894060
# 12 0.019439 0.888324
# 12 0.019592 0.882675
# 12 0.019744 0.874938
# 12 0.019893 0.868877
# 12 0.020045 0.862204
# 14 0.017774 0.948898
# 14 0.017927 0.944138
# 14 0.018076 0.940356
# 14 0.018229 0.934744
# 14 0.018382 0.930078
# 14 0.018531 0.925135
# 14 0.018684 0.919340
# 14 0.018836 0.913246
# 14 0.018985 0.907915
# 14 0.019138 0.900493
# 14 0.019290 0.893709
# 14 0.019439 0.886153
# 14 0.019592 0.878446
# 14 0.019744 0.870366
# 14 0.019893 0.863214
# 14 0.020045 0.855224
!

time_factor=2
precision=160000
synchronicity=0.200000
# 10 0.016770 0.949087
# 10 0.016965 0.944025
# 10 0.017159 0.940856
# 10 0.017354 0.935781
# 10 0.017548 0.931056
# 10 0.017743 0.925562
# 10 0.017937 0.921081
# 10 0.018131 0.916944
# 10 0.018325 0.909306
# 10 0.018519 0.903419
# 10 0.018713 0.897144
# 10 0.018907 0.890075
# 10 0.019101 0.885187
# 10 0.019295 0.876369
# 10 0.019489 0.869131
# 10 0.019683 0.861506
# 12 0.016770 0.953863
# 12 0.016965 0.949981
# 12 0.017159 0.944869
# 12 0.017354 0.939675
# 12 0.017548 0.934525
# 12 0.017743 0.930082
# 12 0.017937 0.922819
# 12 0.018131 0.916250
# 12 0.018325 0.909381
# 12 0.018519 0.903069
# 12 0.018713 0.895275
# 12 0.018907 0.886544
# 12 0.019101 0.878644
# 12 0.019295 0.870138
# 12 0.019489 0.860306
# 12 0.019683 0.851538
# 14 0.016770 0.959294
# 14 0.016965 0.954294
# 14 0.017159 0.949107
# 14 0.017354 0.944625
# 14 0.017548 0.937975
# 14 0.017743 0.930062
# 14 0.017937 0.923875
# 14 0.018131 0.917312
# 14 0.018325 0.909544
# 14 0.018519 0.899887
# 14 0.018713 0.892119
# 14 0.018907 0.883369
# 14 0.019101 0.871913
# 14 0.019295 0.861463
# 14 0.019489 0.852112
# 14 0.019683 0.840063
!

time_factor=2
precision=160000
synchronicity=0.100000
# 10 0.015772 0.957206
# 10 0.015995 0.952894
# 10 0.016228 0.948088
# 10 0.016451 0.943994
# 10 0.016674 0.938094
# 10 0.016907 0.931456
# 10 0.017130 0.927350
# 10 0.017353 0.920875
# 10 0.017585 0.914169
# 10 0.017808 0.907125
# 10 0.018031 0.899837
# 10 0.018263 0.892269
# 10 0.018485 0.882906
# 10 0.018707 0.876494
# 10 0.018939 0.867313
# 10 0.019161 0.857463
# 12 0.015772 0.962969
# 12 0.015995 0.958825
# 12 0.016228 0.953450
# 12 0.016451 0.948025
# 12 0.016674 0.942344
# 12 0.016907 0.935325
# 12 0.017130 0.929012
# 12 0.017353 0.921119
# 12 0.017585 0.914037
# 12 0.017808 0.905975
# 12 0.018031 0.897256
# 12 0.018263 0.887175
# 12 0.018485 0.876638
# 12 0.018707 0.867731
# 12 0.018939 0.855331
# 12 0.019161 0.843950
# 14 0.015772 0.967656
# 14 0.015995 0.963444
# 14 0.016228 0.957438
# 14 0.016451 0.951706
# 14 0.016674 0.944775
# 14 0.016907 0.939237
# 14 0.017130 0.931350
# 14 0.017353 0.923381
# 14 0.017585 0.913550
# 14 0.017808 0.905750
# 14 0.018031 0.894550
# 14 0.018263 0.881475
# 14 0.018485 0.870675
# 14 0.018707 0.857325
# 14 0.018939 0.845150
# 14 0.019161 0.830106
!

time_factor=2.5
precision=576000
synchronicity=0.000000
# 10 0.016000 0.923125
# 10 0.016113 0.920804
# 10 0.016227 0.916099
# 10 0.016340 0.912115
# 10 0.016453 0.908712
# 10 0.016567 0.904444
# 10 0.016680 0.900340
# 10 0.016793 0.897092
# 10 0.016907 0.892425
# 10 0.017020 0.888394
# 10 0.017133 0.882625
# 10 0.017247 0.879892
# 10 0.017360 0.874279
# 10 0.017473 0.868359
# 10 0.017587 0.863760
# 10 0.017700 0.858307
# 12 0.016000 0.928101
# 12 0.016113 0.924283
# 12 0.016227 0.920021
# 12 0.016340 0.916391
# 12 0.016453 0.912481
# 12 0.016567 0.907170
# 12 0.016680 0.901406
# 12 0.016793 0.896972
# 12 0.016907 0.891651
# 12 0.017020 0.886892
# 12 0.017133 0.882045
# 12 0.017247 0.877188
# 12 0.017360 0.870488
# 12 0.017473 0.864497
# 12 0.017587 0.859075
# 12 0.017700 0.851818
# 14 0.016000 0.932840
# 14 0.016113 0.928861
# 14 0.016227 0.923484
# 14 0.016340 0.919615
# 14 0.016453 0.913585
# 14 0.016567 0.909151
# 14 0.016680 0.903854
# 14 0.016793 0.897698
# 14 0.016907 0.892384
# 14 0.017020 0.885226
# 14 0.017133 0.879398
# 14 0.017247 0.872290
# 14 0.017360 0.866674
# 14 0.017473 0.858705
# 14 0.017587 0.851976
# 14 0.017700 0.844294
!

