tau=1.000000

time_factor=2
precision=384000
synchronicity=1.000000
# 10 0.028500 0.955073
# 10 0.028733 0.952448
# 10 0.028967 0.949640
# 10 0.029200 0.945688
# 10 0.029433 0.942813
# 10 0.029667 0.940279
# 10 0.029900 0.936935
# 10 0.030133 0.932737
# 10 0.030367 0.929841
# 10 0.030600 0.925300
# 10 0.030833 0.920589
# 10 0.031067 0.918049
# 10 0.031300 0.912701
# 10 0.031533 0.907531
# 10 0.031767 0.903594
# 10 0.032000 0.898565
# 12 0.028500 0.960318
# 12 0.028733 0.956619
# 12 0.028967 0.953117
# 12 0.029200 0.950909
# 12 0.029433 0.947151
# 12 0.029667 0.942928
# 12 0.029900 0.938778
# 12 0.030133 0.934576
# 12 0.030367 0.930261
# 12 0.030600 0.925188
# 12 0.030833 0.920550
# 12 0.031067 0.915367
# 12 0.031300 0.909617
# 12 0.031533 0.904006
# 12 0.031767 0.898758
# 12 0.032000 0.891925
# 14 0.028500 0.963635
# 14 0.028733 0.960834
# 14 0.028967 0.957221
# 14 0.029200 0.953380
# 14 0.029433 0.948578
# 14 0.029667 0.945052
# 14 0.029900 0.940696
# 14 0.030133 0.935998
# 14 0.030367 0.929609
# 14 0.030600 0.924369
# 14 0.030833 0.918216
# 14 0.031067 0.912667
# 14 0.031300 0.905526
# 14 0.031533 0.899782
# 14 0.031767 0.892141
# 14 0.032000 0.884031
!

time_factor=2
precision=128000
synchronicity=0.900000
# 10 0.026042 0.923406
# 10 0.026263 0.918906
# 10 0.026484 0.914359
# 10 0.026705 0.907961
# 10 0.026926 0.902242
# 10 0.027147 0.897085
# 10 0.027368 0.890976
# 10 0.027589 0.884875
# 10 0.027810 0.878406
# 10 0.028031 0.871422
# 10 0.028252 0.865101
# 10 0.028473 0.857875
# 10 0.028694 0.851649
# 10 0.028915 0.844274
# 10 0.029135 0.835469
# 10 0.029356 0.828688
# 12 0.026042 0.930508
# 12 0.026263 0.925789
# 12 0.026484 0.920382
# 12 0.026705 0.914164
# 12 0.026926 0.908883
# 12 0.027147 0.899969
# 12 0.027368 0.894711
# 12 0.027589 0.887172
# 12 0.027810 0.876586
# 12 0.028031 0.871461
# 12 0.028252 0.863414
# 12 0.028473 0.852844
# 12 0.028694 0.843602
# 12 0.028915 0.838406
# 12 0.029135 0.826297
# 12 0.029356 0.817797
# 14 0.026042 0.938296
# 14 0.026263 0.931797
# 14 0.026484 0.925188
# 14 0.026705 0.919102
# 14 0.026926 0.912609
# 14 0.027147 0.903976
# 14 0.027368 0.895867
# 14 0.027589 0.889633
# 14 0.027810 0.880765
# 14 0.028031 0.871766
# 14 0.028252 0.860532
# 14 0.028473 0.849851
# 14 0.028694 0.839297
# 14 0.028915 0.829258
# 14 0.029135 0.818008
# 14 0.029356 0.805125
!

time_factor=2
precision=192000
synchronicity=0.800000
# 10 0.023636 0.930792
# 10 0.023884 0.925526
# 10 0.024131 0.920422
# 10 0.024379 0.914187
# 10 0.024626 0.908037
# 10 0.024874 0.901313
# 10 0.025121 0.894828
# 10 0.025369 0.888724
# 10 0.025616 0.879964
# 10 0.025863 0.871750
# 10 0.026111 0.865625
# 10 0.026358 0.856792
# 10 0.026605 0.847714
# 10 0.026853 0.837453
# 10 0.027100 0.829130
# 10 0.027347 0.819156
# 12 0.023636 0.940115
# 12 0.023884 0.933385
# 12 0.024131 0.927573
# 12 0.024379 0.921573
# 12 0.024626 0.914208
# 12 0.024874 0.906828
# 12 0.025121 0.899213
# 12 0.025369 0.890250
# 12 0.025616 0.881989
# 12 0.025863 0.873084
# 12 0.026111 0.864625
# 12 0.026358 0.853771
# 12 0.026605 0.841734
# 12 0.026853 0.832349
# 12 0.027100 0.819052
# 12 0.027347 0.807594
# 14 0.023636 0.946698
# 14 0.023884 0.940854
# 14 0.024131 0.934229
# 14 0.024379 0.928099
# 14 0.024626 0.919807
# 14 0.024874 0.912812
# 14 0.025121 0.902620
# 14 0.025369 0.893026
# 14 0.025616 0.883521
# 14 0.025863 0.872578
# 14 0.026111 0.862906
# 14 0.026358 0.849245
# 14 0.026605 0.836312
# 14 0.026853 0.823672
# 14 0.027100 0.808568
# 14 0.027347 0.797083
!

time_factor=3
precision=128000
synchronicity=0.700000
# 10 0.021995 0.934203
# 10 0.022267 0.927648
# 10 0.022540 0.920890
# 10 0.022812 0.913679
# 10 0.023084 0.906219
# 10 0.023357 0.897141
# 10 0.023629 0.890055
# 10 0.023901 0.880476
# 10 0.024174 0.873992
# 10 0.024445 0.866461
# 10 0.024717 0.854305
# 10 0.024990 0.845867
# 10 0.025261 0.832383
# 10 0.025533 0.824547
# 10 0.025806 0.811438
# 10 0.026077 0.799188
# 12 0.021995 0.940172
# 12 0.022267 0.934492
# 12 0.022540 0.928118
# 12 0.022812 0.919406
# 12 0.023084 0.911297
# 12 0.023357 0.903492
# 12 0.023629 0.894586
# 12 0.023901 0.883765
# 12 0.024174 0.873054
# 12 0.024445 0.863500
# 12 0.024717 0.850109
# 12 0.024990 0.836891
# 12 0.025261 0.827836
# 12 0.025533 0.810156
# 12 0.025806 0.797648
# 12 0.026077 0.784797
# 14 0.021995 0.948500
# 14 0.022267 0.941242
# 14 0.022540 0.934992
# 14 0.022812 0.926609
# 14 0.023084 0.915898
# 14 0.023357 0.907617
# 14 0.023629 0.895829
# 14 0.023901 0.886109
# 14 0.024174 0.874516
# 14 0.024445 0.860985
# 14 0.024717 0.844562
# 14 0.024990 0.834211
# 14 0.025261 0.815024
# 14 0.025533 0.797742
# 14 0.025806 0.783157
# 14 0.026077 0.764788
!

time_factor=3
precision=128000
synchronicity=0.600000
# 10 0.020987 0.941110
# 10 0.021205 0.937672
# 10 0.021424 0.932265
# 10 0.021642 0.928000
# 10 0.021860 0.923039
# 10 0.022079 0.918742
# 10 0.022297 0.912328
# 10 0.022515 0.907836
# 10 0.022734 0.899125
# 10 0.022951 0.894609
# 10 0.023169 0.886828
# 10 0.023388 0.881758
# 10 0.023605 0.874351
# 10 0.023823 0.866946
# 10 0.024042 0.858711
# 10 0.024259 0.852797
# 12 0.020987 0.947290
# 12 0.021205 0.942195
# 12 0.021424 0.938335
# 12 0.021642 0.933344
# 12 0.021860 0.926328
# 12 0.022079 0.921008
# 12 0.022297 0.912141
# 12 0.022515 0.906532
# 12 0.022734 0.901023
# 12 0.022951 0.893829
# 12 0.023169 0.883757
# 12 0.023388 0.876078
# 12 0.023605 0.868891
# 12 0.023823 0.861227
# 12 0.024042 0.850328
# 12 0.024259 0.839625
# 14 0.020987 0.952297
# 14 0.021205 0.946657
# 14 0.021424 0.942172
# 14 0.021642 0.936546
# 14 0.021860 0.929867
# 14 0.022079 0.923984
# 14 0.022297 0.915399
# 14 0.022515 0.907532
# 14 0.022734 0.901289
# 14 0.022951 0.889914
# 14 0.023169 0.882492
# 14 0.023388 0.871829
# 14 0.023605 0.863047
# 14 0.023823 0.851703
# 14 0.024042 0.838445
# 14 0.024259 0.827750
!

time_factor=2
precision=192000
synchronicity=0.500000
# 10 0.019800 0.936286
# 10 0.019996 0.932573
# 10 0.020192 0.928068
# 10 0.020388 0.922640
# 10 0.020584 0.918557
# 10 0.020780 0.912359
# 10 0.020975 0.906750
# 10 0.021171 0.901115
# 10 0.021367 0.896380
# 10 0.021562 0.889687
# 10 0.021758 0.883792
# 10 0.021954 0.876630
# 10 0.022149 0.867813
# 10 0.022345 0.863516
# 10 0.022540 0.856047
# 10 0.022736 0.847656
# 12 0.019800 0.942620
# 12 0.019996 0.937594
# 12 0.020192 0.932245
# 12 0.020388 0.927922
# 12 0.020584 0.922031
# 12 0.020780 0.915349
# 12 0.020975 0.907708
# 12 0.021171 0.903224
# 12 0.021367 0.896489
# 12 0.021562 0.888510
# 12 0.021758 0.881281
# 12 0.021954 0.873005
# 12 0.022149 0.863916
# 12 0.022345 0.855739
# 12 0.022540 0.845531
# 12 0.022736 0.836240
# 14 0.019800 0.948271
# 14 0.019996 0.942021
# 14 0.020192 0.937912
# 14 0.020388 0.931151
# 14 0.020584 0.925203
# 14 0.020780 0.917739
# 14 0.020975 0.911245
# 14 0.021171 0.904458
# 14 0.021367 0.893354
# 14 0.021562 0.887021
# 14 0.021758 0.878198
# 14 0.021954 0.868750
# 14 0.022149 0.858510
# 14 0.022345 0.847380
# 14 0.022540 0.836489
# 14 0.022736 0.826438
!

time_factor=2
precision=192000
synchronicity=0.400000
# 10 0.018784 0.938620
# 10 0.018979 0.934234
# 10 0.019175 0.929963
# 10 0.019370 0.925354
# 10 0.019565 0.920760
# 10 0.019761 0.914338
# 10 0.019956 0.910578
# 10 0.020151 0.903776
# 10 0.020346 0.897964
# 10 0.020541 0.891911
# 10 0.020736 0.885307
# 10 0.020931 0.879255
# 10 0.021126 0.871568
# 10 0.021321 0.864110
# 10 0.021516 0.856156
# 10 0.021710 0.848984
# 12 0.018784 0.945443
# 12 0.018979 0.939802
# 12 0.019175 0.934750
# 12 0.019370 0.929448
# 12 0.019565 0.923969
# 12 0.019761 0.917864
# 12 0.019956 0.911526
# 12 0.020151 0.904297
# 12 0.020346 0.897563
# 12 0.020541 0.889448
# 12 0.020736 0.881891
# 12 0.020931 0.874781
# 12 0.021126 0.864901
# 12 0.021321 0.858224
# 12 0.021516 0.849167
# 12 0.021710 0.837875
# 14 0.018784 0.950396
# 14 0.018979 0.944604
# 14 0.019175 0.937708
# 14 0.019370 0.933666
# 14 0.019565 0.926760
# 14 0.019761 0.920166
# 14 0.019956 0.912943
# 14 0.020151 0.905818
# 14 0.020346 0.897203
# 14 0.020541 0.887338
# 14 0.020736 0.878151
# 14 0.020931 0.867901
# 14 0.021126 0.858849
# 14 0.021321 0.846813
# 14 0.021516 0.836479
# 14 0.021710 0.823812
!

time_factor=2
precision=192000
synchronicity=0.300000
# 10 0.017449 0.950375
# 10 0.017667 0.945818
# 10 0.017882 0.941667
# 10 0.018099 0.936292
# 10 0.018317 0.931250
# 10 0.018531 0.926484
# 10 0.018749 0.919318
# 10 0.018966 0.913557
# 10 0.019180 0.908187
# 10 0.019397 0.899515
# 10 0.019615 0.894271
# 10 0.019828 0.887109
# 10 0.020045 0.878703
# 10 0.020262 0.871938
# 10 0.020476 0.865922
# 10 0.020693 0.855906
# 12 0.017449 0.956500
# 12 0.017667 0.951412
# 12 0.017882 0.947974
# 12 0.018099 0.941073
# 12 0.018317 0.935682
# 12 0.018531 0.929969
# 12 0.018749 0.923531
# 12 0.018966 0.916568
# 12 0.019180 0.909156
# 12 0.019397 0.901302
# 12 0.019615 0.892823
# 12 0.019828 0.883333
# 12 0.020045 0.874807
# 12 0.020262 0.863807
# 12 0.020476 0.854709
# 12 0.020693 0.844688
# 14 0.017449 0.961240
# 14 0.017667 0.956036
# 14 0.017882 0.951063
# 14 0.018099 0.944412
# 14 0.018317 0.939885
# 14 0.018531 0.932771
# 14 0.018749 0.925166
# 14 0.018966 0.915864
# 14 0.019180 0.907860
# 14 0.019397 0.899578
# 14 0.019615 0.889396
# 14 0.019828 0.880047
# 14 0.020045 0.866932
# 14 0.020262 0.856500
# 14 0.020476 0.842896
# 14 0.020693 0.829037
!

time_factor=2
precision=192000
synchronicity=0.200000
# 10 0.016770 0.951125
# 10 0.016965 0.946989
# 10 0.017159 0.941313
# 10 0.017354 0.938120
# 10 0.017548 0.933328
# 10 0.017743 0.928375
# 10 0.017937 0.923599
# 10 0.018131 0.918667
# 10 0.018325 0.913786
# 10 0.018519 0.905979
# 10 0.018713 0.900370
# 10 0.018907 0.894370
# 10 0.019101 0.888182
# 10 0.019295 0.880599
# 10 0.019489 0.873896
# 10 0.019683 0.867000
# 12 0.016770 0.956073
# 12 0.016965 0.951338
# 12 0.017159 0.947578
# 12 0.017354 0.943063
# 12 0.017548 0.938302
# 12 0.017743 0.931333
# 12 0.017937 0.925568
# 12 0.018131 0.920875
# 12 0.018325 0.913750
# 12 0.018519 0.906808
# 12 0.018713 0.898745
# 12 0.018907 0.892156
# 12 0.019101 0.882911
# 12 0.019295 0.874781
# 12 0.019489 0.867786
# 12 0.019683 0.855703
# 14 0.016770 0.962188
# 14 0.016965 0.956453
# 14 0.017159 0.951490
# 14 0.017354 0.946234
# 14 0.017548 0.941031
# 14 0.017743 0.934927
# 14 0.017937 0.928099
# 14 0.018131 0.921375
# 14 0.018325 0.913037
# 14 0.018519 0.905443
# 14 0.018713 0.895854
# 14 0.018907 0.887787
# 14 0.019101 0.876729
# 14 0.019295 0.867250
# 14 0.019489 0.857328
# 14 0.019683 0.845005
!

time_factor=2
precision=192000
synchronicity=0.100000
# 10 0.015772 0.958479
# 10 0.015995 0.953735
# 10 0.016228 0.950464
# 10 0.016451 0.945380
# 10 0.016674 0.939990
# 10 0.016907 0.934073
# 10 0.017130 0.928302
# 10 0.017353 0.922406
# 10 0.017585 0.918000
# 10 0.017808 0.909172
# 10 0.018031 0.902990
# 10 0.018263 0.895896
# 10 0.018485 0.886568
# 10 0.018707 0.880031
# 10 0.018939 0.869370
# 10 0.019161 0.861495
# 12 0.015772 0.964464
# 12 0.015995 0.959870
# 12 0.016228 0.955656
# 12 0.016451 0.950640
# 12 0.016674 0.944562
# 12 0.016907 0.937958
# 12 0.017130 0.931255
# 12 0.017353 0.925162
# 12 0.017585 0.917062
# 12 0.017808 0.909989
# 12 0.018031 0.900458
# 12 0.018263 0.890161
# 12 0.018485 0.882698
# 12 0.018707 0.871219
# 12 0.018939 0.860547
# 12 0.019161 0.849485
# 14 0.015772 0.969151
# 14 0.015995 0.964859
# 14 0.016228 0.959021
# 14 0.016451 0.954495
# 14 0.016674 0.947672
# 14 0.016907 0.941578
# 14 0.017130 0.935307
# 14 0.017353 0.926682
# 14 0.017585 0.918229
# 14 0.017808 0.908703
# 14 0.018031 0.898724
# 14 0.018263 0.888646
# 14 0.018485 0.874792
# 14 0.018707 0.861828
# 14 0.018939 0.850104
# 14 0.019161 0.835755
!

time_factor=2
precision=512000
synchronicity=0.000000
# 10 0.015700 0.950592
# 10 0.015833 0.947949
# 10 0.015967 0.944068
# 10 0.016100 0.941352
# 10 0.016233 0.938344
# 10 0.016367 0.935152
# 10 0.016500 0.931998
# 10 0.016633 0.928465
# 10 0.016767 0.924190
# 10 0.016900 0.920992
# 10 0.017033 0.916738
# 10 0.017167 0.912715
# 10 0.017300 0.908732
# 10 0.017433 0.904221
# 10 0.017567 0.899135
# 10 0.017700 0.895355
# 12 0.015700 0.955162
# 12 0.015833 0.952516
# 12 0.015967 0.949203
# 12 0.016100 0.945504
# 12 0.016233 0.941807
# 12 0.016367 0.937526
# 12 0.016500 0.934123
# 12 0.016633 0.930668
# 12 0.016767 0.925875
# 12 0.016900 0.921605
# 12 0.017033 0.916422
# 12 0.017167 0.912485
# 12 0.017300 0.907192
# 12 0.017433 0.902401
# 12 0.017567 0.896957
# 12 0.017700 0.890447
# 14 0.015700 0.959653
# 14 0.015833 0.955969
# 14 0.015967 0.952623
# 14 0.016100 0.949299
# 14 0.016233 0.945867
# 14 0.016367 0.941301
# 14 0.016500 0.936340
# 14 0.016633 0.931715
# 14 0.016767 0.926732
# 14 0.016900 0.920949
# 14 0.017033 0.916237
# 14 0.017167 0.911471
# 14 0.017300 0.906070
# 14 0.017433 0.898334
# 14 0.017567 0.892592
# 14 0.017700 0.885517
!

