tau=1.000000

time_factor=2
precision=384000
synchronicity=1.000000
# 10 0.028500 0.955073
# 10 0.028733 0.952448
# 10 0.028967 0.949640
# 10 0.029200 0.945688
# 10 0.029433 0.942813
# 10 0.029667 0.940279
# 10 0.029900 0.936935
# 10 0.030133 0.932737
# 10 0.030367 0.929841
# 10 0.030600 0.925300
# 10 0.030833 0.920589
# 10 0.031067 0.918049
# 10 0.031300 0.912701
# 10 0.031533 0.907531
# 10 0.031767 0.903594
# 10 0.032000 0.898565
# 12 0.028500 0.960318
# 12 0.028733 0.956619
# 12 0.028967 0.953117
# 12 0.029200 0.950909
# 12 0.029433 0.947151
# 12 0.029667 0.942928
# 12 0.029900 0.938778
# 12 0.030133 0.934576
# 12 0.030367 0.930261
# 12 0.030600 0.925188
# 12 0.030833 0.920550
# 12 0.031067 0.915367
# 12 0.031300 0.909617
# 12 0.031533 0.904006
# 12 0.031767 0.898758
# 12 0.032000 0.891925
# 14 0.028500 0.963635
# 14 0.028733 0.960834
# 14 0.028967 0.957221
# 14 0.029200 0.953380
# 14 0.029433 0.948578
# 14 0.029667 0.945052
# 14 0.029900 0.940696
# 14 0.030133 0.935998
# 14 0.030367 0.929609
# 14 0.030600 0.924369
# 14 0.030833 0.918216
# 14 0.031067 0.912667
# 14 0.031300 0.905526
# 14 0.031533 0.899782
# 14 0.031767 0.892141
# 14 0.032000 0.884031
!

time_factor=2
precision=128000
synchronicity=0.900000
# 10 0.026042 0.924164
# 10 0.026263 0.918188
# 10 0.026484 0.914461
# 10 0.026705 0.909781
# 10 0.026926 0.902805
# 10 0.027147 0.898063
# 10 0.027368 0.891883
# 10 0.027589 0.883945
# 10 0.027810 0.878610
# 10 0.028031 0.872180
# 10 0.028252 0.864617
# 10 0.028473 0.858726
# 10 0.028694 0.850680
# 10 0.028915 0.842571
# 10 0.029135 0.838422
# 10 0.029356 0.831094
# 12 0.026042 0.930523
# 12 0.026263 0.925539
# 12 0.026484 0.920453
# 12 0.026705 0.912758
# 12 0.026926 0.908219
# 12 0.027147 0.900351
# 12 0.027368 0.894258
# 12 0.027589 0.887508
# 12 0.027810 0.877820
# 12 0.028031 0.870828
# 12 0.028252 0.863750
# 12 0.028473 0.854172
# 12 0.028694 0.844656
# 12 0.028915 0.835969
# 12 0.029135 0.826265
# 12 0.029356 0.816289
# 14 0.026042 0.936078
# 14 0.026263 0.929789
# 14 0.026484 0.926141
# 14 0.026705 0.919703
# 14 0.026926 0.912687
# 14 0.027147 0.904609
# 14 0.027368 0.897648
# 14 0.027589 0.889508
# 14 0.027810 0.879383
# 14 0.028031 0.872273
# 14 0.028252 0.859633
# 14 0.028473 0.850750
# 14 0.028694 0.838836
# 14 0.028915 0.829836
# 14 0.029135 0.820367
# 14 0.029356 0.805813
!

time_factor=2
precision=160000
synchronicity=0.800000
# 10 0.023636 0.931931
# 10 0.023884 0.925419
# 10 0.024131 0.919706
# 10 0.024379 0.914400
# 10 0.024626 0.909231
# 10 0.024874 0.900988
# 10 0.025121 0.894987
# 10 0.025369 0.886606
# 10 0.025616 0.880419
# 10 0.025863 0.872256
# 10 0.026111 0.864887
# 10 0.026358 0.855619
# 10 0.026605 0.848038
# 10 0.026853 0.838894
# 10 0.027100 0.828475
# 10 0.027347 0.821463
# 12 0.023636 0.940988
# 12 0.023884 0.933844
# 12 0.024131 0.927444
# 12 0.024379 0.921181
# 12 0.024626 0.915944
# 12 0.024874 0.908681
# 12 0.025121 0.899056
# 12 0.025369 0.891356
# 12 0.025616 0.880900
# 12 0.025863 0.872600
# 12 0.026111 0.863437
# 12 0.026358 0.853488
# 12 0.026605 0.841519
# 12 0.026853 0.832194
# 12 0.027100 0.821256
# 12 0.027347 0.808437
# 14 0.023636 0.946725
# 14 0.023884 0.942225
# 14 0.024131 0.934988
# 14 0.024379 0.927950
# 14 0.024626 0.918588
# 14 0.024874 0.911769
# 14 0.025121 0.902063
# 14 0.025369 0.894500
# 14 0.025616 0.883550
# 14 0.025863 0.873475
# 14 0.026111 0.861131
# 14 0.026358 0.850113
# 14 0.026605 0.837781
# 14 0.026853 0.822275
# 14 0.027100 0.809744
# 14 0.027347 0.794944
!

time_factor=3
precision=128000
synchronicity=0.700000
# 10 0.021995 0.932813
# 10 0.022267 0.927305
# 10 0.022540 0.921484
# 10 0.022812 0.913367
# 10 0.023084 0.906328
# 10 0.023357 0.899594
# 10 0.023629 0.892516
# 10 0.023901 0.881398
# 10 0.024174 0.874211
# 10 0.024445 0.864555
# 10 0.024717 0.854281
# 10 0.024990 0.844055
# 10 0.025261 0.835148
# 10 0.025533 0.822844
# 10 0.025806 0.811406
# 10 0.026077 0.800265
# 12 0.021995 0.939640
# 12 0.022267 0.934078
# 12 0.022540 0.927305
# 12 0.022812 0.919469
# 12 0.023084 0.911109
# 12 0.023357 0.904867
# 12 0.023629 0.894938
# 12 0.023901 0.884508
# 12 0.024174 0.871023
# 12 0.024445 0.862266
# 12 0.024717 0.849852
# 12 0.024990 0.838226
# 12 0.025261 0.825640
# 12 0.025533 0.811906
# 12 0.025806 0.800961
# 12 0.026077 0.782461
# 14 0.021995 0.948000
# 14 0.022267 0.941758
# 14 0.022540 0.933297
# 14 0.022812 0.926828
# 14 0.023084 0.917547
# 14 0.023357 0.907734
# 14 0.023629 0.895836
# 14 0.023901 0.885625
# 14 0.024174 0.872234
# 14 0.024445 0.859383
# 14 0.024717 0.846274
# 14 0.024990 0.832805
# 14 0.025261 0.816836
# 14 0.025533 0.802016
# 14 0.025806 0.778679
# 14 0.026077 0.764914
!

time_factor=3
precision=128000
synchronicity=0.600000
# 10 0.020987 0.941180
# 10 0.021205 0.936438
# 10 0.021424 0.933258
# 10 0.021642 0.927766
# 10 0.021860 0.921758
# 10 0.022079 0.918570
# 10 0.022297 0.912867
# 10 0.022515 0.906648
# 10 0.022734 0.900406
# 10 0.022951 0.893492
# 10 0.023169 0.887359
# 10 0.023388 0.881117
# 10 0.023605 0.873195
# 10 0.023823 0.867602
# 10 0.024042 0.860812
# 10 0.024259 0.851476
# 12 0.020987 0.947820
# 12 0.021205 0.942828
# 12 0.021424 0.937265
# 12 0.021642 0.932242
# 12 0.021860 0.927016
# 12 0.022079 0.920719
# 12 0.022297 0.913868
# 12 0.022515 0.907312
# 12 0.022734 0.900258
# 12 0.022951 0.891586
# 12 0.023169 0.885078
# 12 0.023388 0.876484
# 12 0.023605 0.868578
# 12 0.023823 0.860000
# 12 0.024042 0.848828
# 12 0.024259 0.840375
# 14 0.020987 0.951945
# 14 0.021205 0.947774
# 14 0.021424 0.942430
# 14 0.021642 0.936679
# 14 0.021860 0.930609
# 14 0.022079 0.923539
# 14 0.022297 0.915273
# 14 0.022515 0.907227
# 14 0.022734 0.900367
# 14 0.022951 0.891836
# 14 0.023169 0.882680
# 14 0.023388 0.870532
# 14 0.023605 0.861242
# 14 0.023823 0.850844
# 14 0.024042 0.839891
# 14 0.024259 0.827320
!

time_factor=2
precision=160000
synchronicity=0.500000
# 10 0.019800 0.937269
# 10 0.019996 0.931512
# 10 0.020192 0.926931
# 10 0.020388 0.922337
# 10 0.020584 0.918300
# 10 0.020780 0.913213
# 10 0.020975 0.907687
# 10 0.021171 0.902931
# 10 0.021367 0.896288
# 10 0.021562 0.890269
# 10 0.021758 0.884212
# 10 0.021954 0.878331
# 10 0.022149 0.870594
# 10 0.022345 0.862525
# 10 0.022540 0.855950
# 10 0.022736 0.848800
# 12 0.019800 0.943850
# 12 0.019996 0.938375
# 12 0.020192 0.933919
# 12 0.020388 0.927500
# 12 0.020584 0.921431
# 12 0.020780 0.916394
# 12 0.020975 0.909856
# 12 0.021171 0.903006
# 12 0.021367 0.896219
# 12 0.021562 0.887906
# 12 0.021758 0.881413
# 12 0.021954 0.872462
# 12 0.022149 0.863856
# 12 0.022345 0.856700
# 12 0.022540 0.845556
# 12 0.022736 0.837969
# 14 0.019800 0.948038
# 14 0.019996 0.942800
# 14 0.020192 0.938725
# 14 0.020388 0.931475
# 14 0.020584 0.924350
# 14 0.020780 0.917769
# 14 0.020975 0.910587
# 14 0.021171 0.904294
# 14 0.021367 0.895719
# 14 0.021562 0.886475
# 14 0.021758 0.878875
# 14 0.021954 0.868562
# 14 0.022149 0.857688
# 14 0.022345 0.848006
# 14 0.022540 0.837131
# 14 0.022736 0.824737
!

time_factor=2
precision=160000
synchronicity=0.400000
# 10 0.018784 0.939000
# 10 0.018979 0.934250
# 10 0.019175 0.929588
# 10 0.019370 0.925294
# 10 0.019565 0.919625
# 10 0.019761 0.915350
# 10 0.019956 0.910925
# 10 0.020151 0.904300
# 10 0.020346 0.897681
# 10 0.020541 0.892594
# 10 0.020736 0.885819
# 10 0.020931 0.878094
# 10 0.021126 0.871300
# 10 0.021321 0.862863
# 10 0.021516 0.857544
# 10 0.021710 0.850969
# 12 0.018784 0.944288
# 12 0.018979 0.940406
# 12 0.019175 0.934900
# 12 0.019370 0.930006
# 12 0.019565 0.924044
# 12 0.019761 0.917419
# 12 0.019956 0.911750
# 12 0.020151 0.905312
# 12 0.020346 0.897075
# 12 0.020541 0.891019
# 12 0.020736 0.883194
# 12 0.020931 0.875406
# 12 0.021126 0.864869
# 12 0.021321 0.857569
# 12 0.021516 0.846956
# 12 0.021710 0.839525
# 14 0.018784 0.949038
# 14 0.018979 0.944657
# 14 0.019175 0.938363
# 14 0.019370 0.933338
# 14 0.019565 0.926900
# 14 0.019761 0.920887
# 14 0.019956 0.912094
# 14 0.020151 0.905025
# 14 0.020346 0.897356
# 14 0.020541 0.887594
# 14 0.020736 0.878738
# 14 0.020931 0.868362
# 14 0.021126 0.858394
# 14 0.021321 0.848175
# 14 0.021516 0.837469
# 14 0.021710 0.824625
!

time_factor=2
precision=160000
synchronicity=0.300000
# 10 0.017449 0.950588
# 10 0.017667 0.945162
# 10 0.017882 0.941406
# 10 0.018099 0.936469
# 10 0.018317 0.931169
# 10 0.018531 0.927981
# 10 0.018749 0.919344
# 10 0.018966 0.915131
# 10 0.019180 0.909150
# 10 0.019397 0.901488
# 10 0.019615 0.894475
# 10 0.019828 0.888262
# 10 0.020045 0.879625
# 10 0.020262 0.873819
# 10 0.020476 0.863775
# 10 0.020693 0.853381
# 12 0.017449 0.955756
# 12 0.017667 0.952113
# 12 0.017882 0.947063
# 12 0.018099 0.942588
# 12 0.018317 0.936087
# 12 0.018531 0.930081
# 12 0.018749 0.922656
# 12 0.018966 0.914706
# 12 0.019180 0.909044
# 12 0.019397 0.902387
# 12 0.019615 0.893237
# 12 0.019828 0.884094
# 12 0.020045 0.874231
# 12 0.020262 0.865044
# 12 0.020476 0.854925
# 12 0.020693 0.846675
# 14 0.017449 0.961169
# 14 0.017667 0.955300
# 14 0.017882 0.951731
# 14 0.018099 0.946344
# 14 0.018317 0.939350
# 14 0.018531 0.933719
# 14 0.018749 0.924781
# 14 0.018966 0.917112
# 14 0.019180 0.907569
# 14 0.019397 0.899393
# 14 0.019615 0.888219
# 14 0.019828 0.878387
# 14 0.020045 0.869113
# 14 0.020262 0.855131
# 14 0.020476 0.843038
# 14 0.020693 0.830012
!

time_factor=2
precision=160000
synchronicity=0.200000
# 10 0.016770 0.950238
# 10 0.016965 0.946669
# 10 0.017159 0.943425
# 10 0.017354 0.937844
# 10 0.017548 0.934431
# 10 0.017743 0.928694
# 10 0.017937 0.923981
# 10 0.018131 0.916794
# 10 0.018325 0.913363
# 10 0.018519 0.906869
# 10 0.018713 0.901456
# 10 0.018907 0.894925
# 10 0.019101 0.887600
# 10 0.019295 0.881631
# 10 0.019489 0.873413
# 10 0.019683 0.866738
# 12 0.016770 0.956069
# 12 0.016965 0.952494
# 12 0.017159 0.947494
# 12 0.017354 0.944494
# 12 0.017548 0.937038
# 12 0.017743 0.931700
# 12 0.017937 0.926819
# 12 0.018131 0.919569
# 12 0.018325 0.915268
# 12 0.018519 0.905856
# 12 0.018713 0.897937
# 12 0.018907 0.892875
# 12 0.019101 0.883406
# 12 0.019295 0.874300
# 12 0.019489 0.864863
# 12 0.019683 0.856450
# 14 0.016770 0.961675
# 14 0.016965 0.956831
# 14 0.017159 0.952600
# 14 0.017354 0.946725
# 14 0.017548 0.940912
# 14 0.017743 0.934969
# 14 0.017937 0.928450
# 14 0.018131 0.919900
# 14 0.018325 0.912606
# 14 0.018519 0.905487
# 14 0.018713 0.896394
# 14 0.018907 0.888081
# 14 0.019101 0.877775
# 14 0.019295 0.869019
# 14 0.019489 0.856569
# 14 0.019683 0.845869
!

time_factor=2
precision=160000
synchronicity=0.100000
# 10 0.015772 0.958363
# 10 0.015995 0.953850
# 10 0.016228 0.950719
# 10 0.016451 0.946213
# 10 0.016674 0.939694
# 10 0.016907 0.934881
# 10 0.017130 0.929294
# 10 0.017353 0.924638
# 10 0.017585 0.916812
# 10 0.017808 0.910800
# 10 0.018031 0.903356
# 10 0.018263 0.895475
# 10 0.018485 0.888713
# 10 0.018707 0.879131
# 10 0.018939 0.873206
# 10 0.019161 0.862213
# 12 0.015772 0.964600
# 12 0.015995 0.959438
# 12 0.016228 0.955175
# 12 0.016451 0.950425
# 12 0.016674 0.944619
# 12 0.016907 0.939563
# 12 0.017130 0.932881
# 12 0.017353 0.926019
# 12 0.017585 0.918019
# 12 0.017808 0.910087
# 12 0.018031 0.901813
# 12 0.018263 0.891312
# 12 0.018485 0.883400
# 12 0.018707 0.872513
# 12 0.018939 0.862513
# 12 0.019161 0.849219
# 14 0.015772 0.969412
# 14 0.015995 0.965094
# 14 0.016228 0.960525
# 14 0.016451 0.954425
# 14 0.016674 0.948675
# 14 0.016907 0.943506
# 14 0.017130 0.935556
# 14 0.017353 0.927031
# 14 0.017585 0.917431
# 14 0.017808 0.908588
# 14 0.018031 0.898893
# 14 0.018263 0.887681
# 14 0.018485 0.877400
# 14 0.018707 0.863388
# 14 0.018939 0.852163
# 14 0.019161 0.836594
!

time_factor=2
precision=448000
synchronicity=0.000000
# 10 0.015700 0.950768
# 10 0.015833 0.947958
# 10 0.015967 0.944565
# 10 0.016100 0.942056
# 10 0.016233 0.938092
# 10 0.016367 0.935460
# 10 0.016500 0.932337
# 10 0.016633 0.929141
# 10 0.016767 0.924864
# 10 0.016900 0.922018
# 10 0.017033 0.917538
# 10 0.017167 0.913831
# 10 0.017300 0.909618
# 10 0.017433 0.905507
# 10 0.017567 0.900065
# 10 0.017700 0.895583
# 12 0.015700 0.955875
# 12 0.015833 0.952478
# 12 0.015967 0.949817
# 12 0.016100 0.945947
# 12 0.016233 0.943547
# 12 0.016367 0.938815
# 12 0.016500 0.934741
# 12 0.016633 0.931188
# 12 0.016767 0.927089
# 12 0.016900 0.922563
# 12 0.017033 0.918509
# 12 0.017167 0.912558
# 12 0.017300 0.908534
# 12 0.017433 0.901909
# 12 0.017567 0.896913
# 12 0.017700 0.892326
# 14 0.015700 0.960018
# 14 0.015833 0.956759
# 14 0.015967 0.953159
# 14 0.016100 0.949848
# 14 0.016233 0.946565
# 14 0.016367 0.940755
# 14 0.016500 0.938474
# 14 0.016633 0.933337
# 14 0.016767 0.927065
# 14 0.016900 0.923005
# 14 0.017033 0.918663
# 14 0.017167 0.912259
# 14 0.017300 0.905712
# 14 0.017433 0.900132
# 14 0.017567 0.894362
# 14 0.017700 0.886795
!

