synchronicity=0.000000

time_factor=3
precision=256000
time_weight=0.100000
# 10 0.004800 0.987637
# 10 0.004900 0.985980
# 10 0.005000 0.983957
# 10 0.005100 0.981113
# 10 0.005200 0.978848
# 10 0.005300 0.975473
# 10 0.005400 0.973098
# 10 0.005500 0.969781
# 10 0.005600 0.966391
# 10 0.005700 0.961641
# 10 0.005800 0.957836
# 10 0.005900 0.952898
# 10 0.006000 0.947555
# 10 0.006100 0.942984
# 10 0.006200 0.937129
# 10 0.006300 0.931719
# 12 0.004800 0.989762
# 12 0.004900 0.987496
# 12 0.005000 0.985383
# 12 0.005100 0.982684
# 12 0.005200 0.979836
# 12 0.005300 0.976832
# 12 0.005400 0.973230
# 12 0.005500 0.969469
# 12 0.005600 0.965316
# 12 0.005700 0.959484
# 12 0.005800 0.953824
# 12 0.005900 0.948426
# 12 0.006000 0.942652
# 12 0.006100 0.934535
# 12 0.006200 0.926922
# 12 0.006300 0.918566
# 14 0.004800 0.991082
# 14 0.004900 0.989277
# 14 0.005000 0.986562
# 14 0.005100 0.983871
# 14 0.005200 0.980180
# 14 0.005300 0.976977
# 14 0.005400 0.972340
# 14 0.005500 0.967691
# 14 0.005600 0.961867
# 14 0.005700 0.956777
# 14 0.005800 0.949848
# 14 0.005900 0.941805
# 14 0.006000 0.933910
# 14 0.006100 0.925441
# 14 0.006200 0.914277
# 14 0.006300 0.904395
!

time_factor=3
precision=256000
time_weight=0.150000
# 10 0.006700 0.973852
# 10 0.006793 0.972000
# 10 0.006887 0.968746
# 10 0.006980 0.966473
# 10 0.007073 0.963164
# 10 0.007167 0.960066
# 10 0.007260 0.956504
# 10 0.007353 0.952934
# 10 0.007447 0.948449
# 10 0.007540 0.944629
# 10 0.007633 0.939906
# 10 0.007727 0.935395
# 10 0.007820 0.930863
# 10 0.007913 0.924504
# 10 0.008007 0.920414
# 10 0.008100 0.914652
# 12 0.006700 0.976457
# 12 0.006793 0.974250
# 12 0.006887 0.971633
# 12 0.006980 0.967758
# 12 0.007073 0.964668
# 12 0.007167 0.961008
# 12 0.007260 0.957379
# 12 0.007353 0.952465
# 12 0.007447 0.947344
# 12 0.007540 0.942969
# 12 0.007633 0.936883
# 12 0.007727 0.932152
# 12 0.007820 0.926414
# 12 0.007913 0.919059
# 12 0.008007 0.913211
# 12 0.008100 0.906645
# 14 0.006700 0.979582
# 14 0.006793 0.976207
# 14 0.006887 0.973883
# 14 0.006980 0.969633
# 14 0.007073 0.966336
# 14 0.007167 0.962621
# 14 0.007260 0.956730
# 14 0.007353 0.953145
# 14 0.007447 0.946453
# 14 0.007540 0.941328
# 14 0.007633 0.934363
# 14 0.007727 0.927055
# 14 0.007820 0.921527
# 14 0.007913 0.912687
# 14 0.008007 0.904207
# 14 0.008100 0.895887
!

time_factor=3
precision=256000
time_weight=0.200000
# 10 0.008200 0.964387
# 10 0.008307 0.960410
# 10 0.008413 0.956949
# 10 0.008520 0.953113
# 10 0.008627 0.949648
# 10 0.008733 0.945230
# 10 0.008840 0.940484
# 10 0.008947 0.936652
# 10 0.009053 0.931824
# 10 0.009160 0.926375
# 10 0.009267 0.921215
# 10 0.009373 0.917133
# 10 0.009480 0.911387
# 10 0.009587 0.904551
# 10 0.009693 0.897945
# 10 0.009800 0.891285
# 12 0.008200 0.967766
# 12 0.008307 0.964012
# 12 0.008413 0.960500
# 12 0.008520 0.957008
# 12 0.008627 0.951602
# 12 0.008733 0.947559
# 12 0.008840 0.942137
# 12 0.008947 0.937223
# 12 0.009053 0.931199
# 12 0.009160 0.924566
# 12 0.009267 0.917937
# 12 0.009373 0.912008
# 12 0.009480 0.904359
# 12 0.009587 0.897035
# 12 0.009693 0.888895
# 12 0.009800 0.879832
# 14 0.008200 0.970461
# 14 0.008307 0.967398
# 14 0.008413 0.964414
# 14 0.008520 0.959559
# 14 0.008627 0.954566
# 14 0.008733 0.948461
# 14 0.008840 0.942328
# 14 0.008947 0.936988
# 14 0.009053 0.929480
# 14 0.009160 0.922918
# 14 0.009267 0.915527
# 14 0.009373 0.906387
# 14 0.009480 0.898969
# 14 0.009587 0.889605
# 14 0.009693 0.878859
# 14 0.009800 0.868801
!

time_factor=3
precision=256000
time_weight=0.250000
# 10 0.009700 0.945285
# 10 0.009780 0.941605
# 10 0.009860 0.938633
# 10 0.009940 0.935844
# 10 0.010020 0.932648
# 10 0.010100 0.928867
# 10 0.010180 0.925711
# 10 0.010260 0.921418
# 10 0.010340 0.918285
# 10 0.010420 0.914691
# 10 0.010500 0.910137
# 10 0.010580 0.905582
# 10 0.010660 0.902234
# 10 0.010740 0.897086
# 10 0.010820 0.892363
# 10 0.010900 0.888230
# 12 0.009700 0.949410
# 12 0.009780 0.945398
# 12 0.009860 0.941684
# 12 0.009940 0.938055
# 12 0.010020 0.934809
# 12 0.010100 0.930586
# 12 0.010180 0.926609
# 12 0.010260 0.922371
# 12 0.010340 0.917305
# 12 0.010420 0.913613
# 12 0.010500 0.908719
# 12 0.010580 0.903398
# 12 0.010660 0.898328
# 12 0.010740 0.893207
# 12 0.010820 0.888582
# 12 0.010900 0.882430
# 14 0.009700 0.951465
# 14 0.009780 0.948793
# 14 0.009860 0.945375
# 14 0.009940 0.941656
# 14 0.010020 0.937203
# 14 0.010100 0.932289
# 14 0.010180 0.927289
# 14 0.010260 0.922629
# 14 0.010340 0.917199
# 14 0.010420 0.911137
# 14 0.010500 0.907426
# 14 0.010580 0.900125
# 14 0.010660 0.894035
# 14 0.010740 0.887641
# 14 0.010820 0.880371
# 14 0.010900 0.873582
!

time_factor=3
precision=256000
time_weight=0.300000
# 10 0.010600 0.938355
# 10 0.010693 0.935746
# 10 0.010787 0.931531
# 10 0.010880 0.927402
# 10 0.010973 0.924773
# 10 0.011067 0.920902
# 10 0.011160 0.915387
# 10 0.011253 0.912055
# 10 0.011347 0.907637
# 10 0.011440 0.903527
# 10 0.011533 0.897973
# 10 0.011627 0.893516
# 10 0.011720 0.888934
# 10 0.011813 0.884336
# 10 0.011907 0.879043
# 10 0.012000 0.873426
# 12 0.010600 0.944273
# 12 0.010693 0.939742
# 12 0.010787 0.936207
# 12 0.010880 0.932066
# 12 0.010973 0.927430
# 12 0.011067 0.923047
# 12 0.011160 0.918316
# 12 0.011253 0.913371
# 12 0.011347 0.906676
# 12 0.011440 0.902422
# 12 0.011533 0.896230
# 12 0.011627 0.892328
# 12 0.011720 0.885172
# 12 0.011813 0.879059
# 12 0.011907 0.871063
# 12 0.012000 0.865391
# 14 0.010600 0.949172
# 14 0.010693 0.943312
# 14 0.010787 0.938633
# 14 0.010880 0.934359
# 14 0.010973 0.930309
# 14 0.011067 0.925609
# 14 0.011160 0.920063
# 14 0.011253 0.913816
# 14 0.011347 0.906207
# 14 0.011440 0.901086
# 14 0.011533 0.894609
# 14 0.011627 0.886371
# 14 0.011720 0.880719
# 14 0.011813 0.871801
# 14 0.011907 0.864785
# 14 0.012000 0.857605
!

time_factor=3
precision=256000
time_weight=0.350000
# 10 0.011300 0.933930
# 10 0.011393 0.930336
# 10 0.011487 0.926559
# 10 0.011580 0.922805
# 10 0.011673 0.918766
# 10 0.011767 0.914445
# 10 0.011860 0.911434
# 10 0.011953 0.905535
# 10 0.012047 0.902277
# 10 0.012140 0.897105
# 10 0.012233 0.892605
# 10 0.012327 0.889570
# 10 0.012420 0.884809
# 10 0.012513 0.879645
# 10 0.012607 0.873102
# 10 0.012700 0.870289
# 12 0.011300 0.938352
# 12 0.011393 0.934496
# 12 0.011487 0.932250
# 12 0.011580 0.926988
# 12 0.011673 0.922289
# 12 0.011767 0.917375
# 12 0.011860 0.913203
# 12 0.011953 0.908496
# 12 0.012047 0.903340
# 12 0.012140 0.898625
# 12 0.012233 0.891789
# 12 0.012327 0.887937
# 12 0.012420 0.881547
# 12 0.012513 0.874930
# 12 0.012607 0.869297
# 12 0.012700 0.861852
# 14 0.011300 0.943746
# 14 0.011393 0.939141
# 14 0.011487 0.934945
# 14 0.011580 0.930457
# 14 0.011673 0.924910
# 14 0.011767 0.920410
# 14 0.011860 0.914355
# 14 0.011953 0.909727
# 14 0.012047 0.903797
# 14 0.012140 0.896816
# 14 0.012233 0.892055
# 14 0.012327 0.884367
# 14 0.012420 0.877855
# 14 0.012513 0.871488
# 14 0.012607 0.863187
# 14 0.012700 0.853188
!

time_factor=3
precision=256000
time_weight=0.400000
# 10 0.011700 0.932246
# 10 0.011820 0.928766
# 10 0.011940 0.924180
# 10 0.012060 0.919484
# 10 0.012180 0.915242
# 10 0.012300 0.908672
# 10 0.012420 0.905480
# 10 0.012540 0.899141
# 10 0.012660 0.893434
# 10 0.012780 0.887242
# 10 0.012900 0.882043
# 10 0.013020 0.875746
# 10 0.013140 0.870340
# 10 0.013260 0.862707
# 10 0.013380 0.855859
# 10 0.013500 0.848387
# 12 0.011700 0.938430
# 12 0.011820 0.934000
# 12 0.011940 0.929461
# 12 0.012060 0.924129
# 12 0.012180 0.917520
# 12 0.012300 0.912797
# 12 0.012420 0.906477
# 12 0.012540 0.899652
# 12 0.012660 0.893809
# 12 0.012780 0.886078
# 12 0.012900 0.878949
# 12 0.013020 0.870758
# 12 0.013140 0.863031
# 12 0.013260 0.855949
# 12 0.013380 0.846570
# 12 0.013500 0.838250
# 14 0.011700 0.944508
# 14 0.011820 0.938160
# 14 0.011940 0.932562
# 14 0.012060 0.927949
# 14 0.012180 0.921344
# 14 0.012300 0.915730
# 14 0.012420 0.908789
# 14 0.012540 0.899910
# 14 0.012660 0.893316
# 14 0.012780 0.885445
# 14 0.012900 0.875246
# 14 0.013020 0.867418
# 14 0.013140 0.857297
# 14 0.013260 0.849410
# 14 0.013380 0.837934
# 14 0.013500 0.828844
!

time_factor=3
precision=256000
time_weight=0.500000
# 10 0.012300 0.922766
# 10 0.012413 0.918906
# 10 0.012527 0.914980
# 10 0.012640 0.910918
# 10 0.012753 0.905852
# 10 0.012867 0.900609
# 10 0.012980 0.895574
# 10 0.013093 0.890984
# 10 0.013207 0.885078
# 10 0.013320 0.880406
# 10 0.013433 0.875289
# 10 0.013547 0.870004
# 10 0.013660 0.863305
# 10 0.013773 0.858492
# 10 0.013887 0.852074
# 10 0.014000 0.845801
# 12 0.012300 0.930066
# 12 0.012413 0.924086
# 12 0.012527 0.919633
# 12 0.012640 0.913977
# 12 0.012753 0.909434
# 12 0.012867 0.902254
# 12 0.012980 0.898563
# 12 0.013093 0.893109
# 12 0.013207 0.886055
# 12 0.013320 0.879402
# 12 0.013433 0.873121
# 12 0.013547 0.865953
# 12 0.013660 0.859602
# 12 0.013773 0.852871
# 12 0.013887 0.845371
# 12 0.014000 0.837066
# 14 0.012300 0.934742
# 14 0.012413 0.929059
# 14 0.012527 0.923016
# 14 0.012640 0.917691
# 14 0.012753 0.913129
# 14 0.012867 0.906746
# 14 0.012980 0.900531
# 14 0.013093 0.892504
# 14 0.013207 0.885844
# 14 0.013320 0.878465
# 14 0.013433 0.870387
# 14 0.013547 0.863457
# 14 0.013660 0.854715
# 14 0.013773 0.845637
# 14 0.013887 0.835367
# 14 0.014000 0.827863
!

time_factor=3
precision=256000
time_weight=0.600000
# 10 0.012200 0.924891
# 10 0.012320 0.920020
# 10 0.012440 0.915215
# 10 0.012560 0.912078
# 10 0.012680 0.907207
# 10 0.012800 0.902211
# 10 0.012920 0.897281
# 10 0.013040 0.891742
# 10 0.013160 0.885652
# 10 0.013280 0.881063
# 10 0.013400 0.875660
# 10 0.013520 0.868543
# 10 0.013640 0.862562
# 10 0.013760 0.857961
# 10 0.013880 0.851359
# 10 0.014000 0.846531
# 12 0.012200 0.930191
# 12 0.012320 0.925609
# 12 0.012440 0.921437
# 12 0.012560 0.916566
# 12 0.012680 0.910406
# 12 0.012800 0.904703
# 12 0.012920 0.898262
# 12 0.013040 0.893562
# 12 0.013160 0.888070
# 12 0.013280 0.880156
# 12 0.013400 0.873898
# 12 0.013520 0.867129
# 12 0.013640 0.861395
# 12 0.013760 0.853426
# 12 0.013880 0.844160
# 12 0.014000 0.837711
# 14 0.012200 0.935176
# 14 0.012320 0.930109
# 14 0.012440 0.924648
# 14 0.012560 0.919359
# 14 0.012680 0.913195
# 14 0.012800 0.906680
# 14 0.012920 0.899922
# 14 0.013040 0.893672
# 14 0.013160 0.885637
# 14 0.013280 0.879836
# 14 0.013400 0.872836
# 14 0.013520 0.864836
# 14 0.013640 0.854859
# 14 0.013760 0.845750
# 14 0.013880 0.836594
# 14 0.014000 0.828754
!

time_factor=3
precision=256000
time_weight=0.700000
# 10 0.011700 0.929129
# 10 0.011833 0.924746
# 10 0.011967 0.920500
# 10 0.012100 0.916715
# 10 0.012233 0.911188
# 10 0.012367 0.906617
# 10 0.012500 0.900426
# 10 0.012633 0.896426
# 10 0.012767 0.890711
# 10 0.012900 0.883457
# 10 0.013033 0.877883
# 10 0.013167 0.872941
# 10 0.013300 0.864828
# 10 0.013433 0.859383
# 10 0.013567 0.852184
# 12 0.011700 0.935902
# 12 0.011833 0.930805
# 12 0.011967 0.926129
# 12 0.012100 0.920680
# 12 0.012233 0.914781
# 12 0.012367 0.909309
# 12 0.012500 0.902809
# 12 0.012633 0.896969
# 12 0.012767 0.890535
# 12 0.012900 0.883871
# 12 0.013033 0.876727
# 12 0.013167 0.868977
# 12 0.013300 0.861270
# 12 0.013433 0.853625
# 12 0.013567 0.844125
# 14 0.011700 0.941184
# 14 0.011833 0.937629
# 14 0.011967 0.930207
# 14 0.012100 0.925758
# 14 0.012233 0.919586
# 14 0.012367 0.912152
# 14 0.012500 0.905094
# 14 0.012633 0.898023
# 14 0.012767 0.891238
# 14 0.012900 0.883309
# 14 0.013033 0.874496
# 14 0.013167 0.865625
# 14 0.013300 0.857020
# 14 0.013433 0.846000
# 14 0.013567 0.836832
!

time_factor=3
precision=256000
time_weight=0.800000
# 10 0.011400 0.923188
# 10 0.011500 0.918566
# 10 0.011600 0.916582
# 10 0.011700 0.913082
# 10 0.011800 0.909285
# 10 0.011900 0.905656
# 10 0.012000 0.902621
# 10 0.012100 0.897406
# 10 0.012200 0.892602
# 10 0.012300 0.888965
# 10 0.012400 0.885172
# 10 0.012500 0.880035
# 10 0.012600 0.876961
# 10 0.012700 0.870223
# 10 0.012800 0.866262
# 10 0.012900 0.861348
# 12 0.011400 0.927586
# 12 0.011500 0.924316
# 12 0.011600 0.919777
# 12 0.011700 0.916473
# 12 0.011800 0.911258
# 12 0.011900 0.908383
# 12 0.012000 0.902648
# 12 0.012100 0.899043
# 12 0.012200 0.893559
# 12 0.012300 0.888000
# 12 0.012400 0.882719
# 12 0.012500 0.877480
# 12 0.012600 0.873207
# 12 0.012700 0.867035
# 12 0.012800 0.861223
# 12 0.012900 0.856285
# 14 0.011400 0.933297
# 14 0.011500 0.928000
# 14 0.011600 0.924457
# 14 0.011700 0.919750
# 14 0.011800 0.915488
# 14 0.011900 0.910266
# 14 0.012000 0.903148
# 14 0.012100 0.899742
# 14 0.012200 0.894152
# 14 0.012300 0.887887
# 14 0.012400 0.882145
# 14 0.012500 0.876043
# 14 0.012600 0.870527
# 14 0.012700 0.862125
# 14 0.012800 0.857047
# 14 0.012900 0.849902
!

time_factor=3
precision=256000
time_weight=0.900000
# 10 0.010500 0.933902
# 10 0.010633 0.928867
# 10 0.010767 0.925301
# 10 0.010900 0.921035
# 10 0.011033 0.916793
# 10 0.011167 0.911711
# 10 0.011300 0.905547
# 10 0.011433 0.901324
# 10 0.011567 0.895082
# 10 0.011700 0.890152
# 10 0.011833 0.884430
# 10 0.011967 0.877570
# 10 0.012100 0.872332
# 10 0.012233 0.864473
# 10 0.012367 0.858363
# 10 0.012500 0.851699
# 12 0.010500 0.937973
# 12 0.010633 0.934941
# 12 0.010767 0.930160
# 12 0.010900 0.924703
# 12 0.011033 0.918812
# 12 0.011167 0.913516
# 12 0.011300 0.907293
# 12 0.011433 0.902367
# 12 0.011567 0.895402
# 12 0.011700 0.889531
# 12 0.011833 0.881348
# 12 0.011967 0.876395
# 12 0.012100 0.866430
# 12 0.012233 0.859102
# 12 0.012367 0.850094
# 12 0.012500 0.843527
# 14 0.010500 0.943602
# 14 0.010633 0.938348
# 14 0.010767 0.933914
# 14 0.010900 0.930027
# 14 0.011033 0.923422
# 14 0.011167 0.915832
# 14 0.011300 0.909836
# 14 0.011433 0.901453
# 14 0.011567 0.895602
# 14 0.011700 0.887594
# 14 0.011833 0.879680
# 14 0.011967 0.871449
# 14 0.012100 0.862555
# 14 0.012233 0.854332
# 14 0.012367 0.844402
# 14 0.012500 0.833211
!

time_factor=3
precision=256000
time_weight=1.000000
# 10 0.009700 0.939090
# 10 0.009840 0.934781
# 10 0.009980 0.930895
# 10 0.010120 0.926945
# 10 0.010260 0.920523
# 10 0.010400 0.916207
# 10 0.010540 0.910887
# 10 0.010680 0.905375
# 10 0.010820 0.901973
# 10 0.010960 0.895039
# 10 0.011100 0.887977
# 10 0.011240 0.882781
# 10 0.011380 0.875633
# 10 0.011520 0.870313
# 10 0.011660 0.861602
# 10 0.011800 0.856070
# 12 0.009700 0.943832
# 12 0.009840 0.939328
# 12 0.009980 0.935555
# 12 0.010120 0.929711
# 12 0.010260 0.923508
# 12 0.010400 0.917332
# 12 0.010540 0.913887
# 12 0.010680 0.907227
# 12 0.010820 0.901324
# 12 0.010960 0.894391
# 12 0.011100 0.886094
# 12 0.011240 0.878973
# 12 0.011380 0.871953
# 12 0.011520 0.863215
# 12 0.011660 0.855738
# 12 0.011800 0.845840
# 14 0.009700 0.949184
# 14 0.009840 0.944637
# 14 0.009980 0.938824
# 14 0.010120 0.933305
# 14 0.010260 0.928680
# 14 0.010400 0.922680
# 14 0.010540 0.915418
# 14 0.010680 0.908113
# 14 0.010820 0.900285
# 14 0.010960 0.893027
# 14 0.011100 0.884648
# 14 0.011240 0.875719
# 14 0.011380 0.867391
# 14 0.011520 0.858020
# 14 0.011660 0.846719
# 14 0.011800 0.836828
!

