time_factor=2.500000
synchronicity=0.000000

precision=576000
tau=0.600000
# 10 0.015700 0.9255502
# 10 0.015833 0.921602433335
# 10 0.015967 0.916696233332
# 10 0.016100 0.9131562
# 10 0.016233 0.908543333333
# 10 0.016367 0.9034443
# 10 0.016500 0.8991665
# 10 0.016633 0.894302100001
# 10 0.016767 0.889272533333
# 10 0.016900 0.884095499999
# 10 0.017033 0.8784166
# 10 0.017167 0.8728524
# 10 0.017300 0.866760466666
# 10 0.017433 0.859946133333
# 10 0.017567 0.854392266667
# 10 0.017700 0.847750033332
# 12 0.015700 0.930765533333
# 12 0.015833 0.926312499999
# 12 0.015967 0.921116333332
# 12 0.016100 0.916364433334
# 12 0.016233 0.910996500001
# 12 0.016367 0.905510400001
# 12 0.016500 0.899486166668
# 12 0.016633 0.894479133334
# 12 0.016767 0.887630166667
# 12 0.016900 0.880644100001
# 12 0.017033 0.874845399999
# 12 0.017167 0.868164933334
# 12 0.017300 0.8604913
# 12 0.017433 0.852798533333
# 12 0.017567 0.845454833333
# 12 0.017700 0.837736066664
# 14 0.015700 0.934892366667
# 14 0.015833 0.930815933333
# 14 0.015967 0.924763866665
# 14 0.016100 0.9186492
# 14 0.016233 0.913064233334
# 14 0.016367 0.906374966667
# 14 0.016500 0.900090233334
# 14 0.016633 0.8933437
# 14 0.016767 0.886317666667
# 14 0.016900 0.878473899999
# 14 0.017033 0.870928733335
# 14 0.017167 0.862345466667
# 14 0.017300 0.854340266669
# 14 0.017433 0.844154466666
# 14 0.017567 0.835708300001
# 14 0.017700 0.8259011
!

precision=576000
tau=0.700000
# 10 0.015700 0.928189133334
# 10 0.015833 0.924317699999
# 10 0.015967 0.919809000002
# 10 0.016100 0.916251699999
# 10 0.016233 0.911678700001
# 10 0.016367 0.906829866666
# 10 0.016500 0.902723933333
# 10 0.016633 0.897866233334
# 10 0.016767 0.892892333333
# 10 0.016900 0.8880347
# 10 0.017033 0.882220366665
# 10 0.017167 0.8771458
# 10 0.017300 0.8711266
# 10 0.017433 0.864357533333
# 10 0.017567 0.859052166668
# 10 0.017700 0.852751633334
# 12 0.015700 0.934086799999
# 12 0.015833 0.929607566666
# 12 0.015967 0.924885333334
# 12 0.016100 0.919965233332
# 12 0.016233 0.915034766668
# 12 0.016367 0.910126733333
# 12 0.016500 0.903994699999
# 12 0.016633 0.899026066666
# 12 0.016767 0.892328066665
# 12 0.016900 0.885567766668
# 12 0.017033 0.879916533333
# 12 0.017167 0.873895766668
# 12 0.017300 0.866328066667
# 12 0.017433 0.859119766667
# 12 0.017567 0.851546800001
# 12 0.017700 0.8440398
# 14 0.015700 0.938659666667
# 14 0.015833 0.9346301
# 14 0.015967 0.928828000001
# 14 0.016100 0.923388799999
# 14 0.016233 0.9178766
# 14 0.016367 0.911623266668
# 14 0.016500 0.905543366667
# 14 0.016633 0.898994766667
# 14 0.016767 0.8922135
# 14 0.016900 0.884852433336
# 14 0.017033 0.8774739
# 14 0.017167 0.869423500001
# 14 0.017300 0.861501666669
# 14 0.017433 0.851894066668
# 14 0.017567 0.843687433332
# 14 0.017700 0.8343211
!

precision=576000
tau=0.800000
# 10 0.015700 0.930203166668
# 10 0.015833 0.9261545
# 10 0.015967 0.921920033333
# 10 0.016100 0.918343766668
# 10 0.016233 0.913996366666
# 10 0.016367 0.909203166667
# 10 0.016500 0.9052986
# 10 0.016633 0.900567633333
# 10 0.016767 0.895652766666
# 10 0.016900 0.890534566667
# 10 0.017033 0.885012200001
# 10 0.017167 0.879765633334
# 10 0.017300 0.874039900002
# 10 0.017433 0.867658066666
# 10 0.017567 0.8624601
# 10 0.017700 0.856013833333
# 12 0.015700 0.936336699999
# 12 0.015833 0.9320294
# 12 0.015967 0.927479133333
# 12 0.016100 0.922592000001
# 12 0.016233 0.917522533334
# 12 0.016367 0.9129896
# 12 0.016500 0.907140666667
# 12 0.016633 0.902097166666
# 12 0.016767 0.895710033334
# 12 0.016900 0.889091999999
# 12 0.017033 0.883626733333
# 12 0.017167 0.877666599999
# 12 0.017300 0.870100666666
# 12 0.017433 0.863451199999
# 12 0.017567 0.855644033333
# 12 0.017700 0.848376666667
# 14 0.015700 0.941140633335
# 14 0.015833 0.937453
# 14 0.015967 0.931859333333
# 14 0.016100 0.926352366667
# 14 0.016233 0.921008633334
# 14 0.016367 0.9150051
# 14 0.016500 0.909017366668
# 14 0.016633 0.902642466667
# 14 0.016767 0.896472166666
# 14 0.016900 0.888777733335
# 14 0.017033 0.881631966667
# 14 0.017167 0.874012066667
# 14 0.017300 0.8661145
# 14 0.017433 0.857008700001
# 14 0.017567 0.848911399999
# 14 0.017700 0.840065999999
!

precision=576000
tau=0.900000
# 10 0.015700 0.931185766667
# 10 0.015833 0.927364566666
# 10 0.015967 0.923053733334
# 10 0.016100 0.919585000001
# 10 0.016233 0.915319400001
# 10 0.016367 0.910704866667
# 10 0.016500 0.906722100002
# 10 0.016633 0.901888766668
# 10 0.016767 0.8972725
# 10 0.016900 0.891982666667
# 10 0.017033 0.886767366667
# 10 0.017167 0.881390633335
# 10 0.017300 0.875624899999
# 10 0.017433 0.869192633332
# 10 0.017567 0.864229166666
# 10 0.017700 0.857876633333
# 12 0.015700 0.937668333335
# 12 0.015833 0.933187500001
# 12 0.015967 0.928694500001
# 12 0.016100 0.924013866667
# 12 0.016233 0.918975666667
# 12 0.016367 0.914553666666
# 12 0.016500 0.908973866667
# 12 0.016633 0.903833300001
# 12 0.016767 0.897763899999
# 12 0.016900 0.891074633333
# 12 0.017033 0.885588533332
# 12 0.017167 0.879743000001
# 12 0.017300 0.872098900001
# 12 0.017433 0.865991333333
# 12 0.017567 0.858031266666
# 12 0.017700 0.851091966667
# 14 0.015700 0.942506966667
# 14 0.015833 0.938828000001
# 14 0.015967 0.933661399999
# 14 0.016100 0.927987833333
# 14 0.016233 0.923015633334
# 14 0.016367 0.916996533334
# 14 0.016500 0.9111163
# 14 0.016633 0.904762099999
# 14 0.016767 0.898668366666
# 14 0.016900 0.891234399999
# 14 0.017033 0.884237833334
# 14 0.017167 0.876546833331
# 14 0.017300 0.868430566666
# 14 0.017433 0.8598263
# 14 0.017567 0.851428800001
# 14 0.017700 0.842850566666
!

precision=576000
tau=1.000000
# 10 0.015700 0.931560633332
# 10 0.015833 0.9276891
# 10 0.015967 0.923348966666
# 10 0.016100 0.919970500001
# 10 0.016233 0.915519033333
# 10 0.016367 0.9110294
# 10 0.016500 0.907203066666
# 10 0.016633 0.902288200001
# 10 0.016767 0.8977777
# 10 0.016900 0.8923697
# 10 0.017033 0.887088600002
# 10 0.017167 0.881842033334
# 10 0.017300 0.876053833333
# 10 0.017433 0.869524266667
# 10 0.017567 0.864578166666
# 10 0.017700 0.858734333333
# 12 0.015700 0.937994766665
# 12 0.015833 0.9336302
# 12 0.015967 0.929250000001
# 12 0.016100 0.924524266666
# 12 0.016233 0.919512066668
# 12 0.016367 0.915001733335
# 12 0.016500 0.909481000001
# 12 0.016633 0.904609366667
# 12 0.016767 0.898284733334
# 12 0.016900 0.891534666667
# 12 0.017033 0.886128433335
# 12 0.017167 0.880196233334
# 12 0.017300 0.872994833334
# 12 0.017433 0.866595466666
# 12 0.017567 0.858708299999
# 12 0.017700 0.8517465
# 14 0.015700 0.9431301
# 14 0.015833 0.93920826667
# 14 0.015967 0.9339618
# 14 0.016100 0.928409633334
# 14 0.016233 0.923569499999
# 14 0.016367 0.9174861
# 14 0.016500 0.911633666666
# 14 0.016633 0.905262133332
# 14 0.016767 0.899142333334
# 14 0.016900 0.891894066666
# 14 0.017033 0.8851196
# 14 0.017167 0.877182166667
# 14 0.017300 0.869220366667
# 14 0.017433 0.860515566666
# 14 0.017567 0.8522569
# 14 0.017700 0.843637133335
!

precision=576000
tau=1.100000
# 10 0.015700 0.931072933334
# 10 0.015833 0.927387099999
# 10 0.015967 0.922857666667
# 10 0.016100 0.919472133333
# 10 0.016233 0.9150954
# 10 0.016367 0.910614533332
# 10 0.016500 0.906772533333
# 10 0.016633 0.901873166667
# 10 0.016767 0.8969514
# 10 0.016900 0.892062500001
# 10 0.017033 0.886506866667
# 10 0.017167 0.881208333334
# 10 0.017300 0.875336766666
# 10 0.017433 0.868796866667
# 10 0.017567 0.863659566667
# 10 0.017700 0.857673566666
# 12 0.015700 0.937460033333
# 12 0.015833 0.933220366668
# 12 0.015967 0.928784699999
# 12 0.016100 0.923961766667
# 12 0.016233 0.919074600001
# 12 0.016367 0.914284666666
# 12 0.016500 0.9089253
# 12 0.016633 0.904109400001
# 12 0.016767 0.897621533333
# 12 0.016900 0.890996433336
# 12 0.017033 0.885310733334
# 12 0.017167 0.879645733335
# 12 0.017300 0.872012133332
# 12 0.017433 0.865758633335
# 12 0.017567 0.857569433334
# 12 0.017700 0.850618033334
# 14 0.015700 0.9424844
# 14 0.015833 0.938624966666
# 14 0.015967 0.933357533333
# 14 0.016100 0.927935766668
# 14 0.016233 0.9230712
# 14 0.016367 0.916909666667
# 14 0.016500 0.910716966668
# 14 0.016633 0.904341966666
# 14 0.016767 0.898387066667
# 14 0.016900 0.890947866668
# 14 0.017033 0.884338500001
# 14 0.017167 0.876190933335
# 14 0.017300 0.868031266666
# 14 0.017433 0.859421866666
# 14 0.017567 0.851170066667
# 14 0.017700 0.842395833335
!

precision=576000
tau=1.200000
# 10 0.015700 0.929923533332
# 10 0.015833 0.926268933333
# 10 0.015967 0.921487833335
# 10 0.016100 0.918097266666
# 10 0.016233 0.913857566666
# 10 0.016367 0.909157966667
# 10 0.016500 0.905382
# 10 0.016633 0.900368066666
# 10 0.016767 0.895433966666
# 10 0.016900 0.890289866667
# 10 0.017033 0.884826366666
# 10 0.017167 0.879460033333
# 10 0.017300 0.873107599998
# 10 0.017433 0.866854133333
# 10 0.017567 0.861567733334
# 10 0.017700 0.855244766667
# 12 0.015700 0.9363454
# 12 0.015833 0.931795066666
# 12 0.015967 0.927296799999
# 12 0.016100 0.922239566667
# 12 0.016233 0.917451300001
# 12 0.016367 0.912649200001
# 12 0.016500 0.907145800001
# 12 0.016633 0.902413100001
# 12 0.016767 0.895854099999
# 12 0.016900 0.889270900001
# 12 0.017033 0.883296966666
# 12 0.017167 0.877177066667
# 12 0.017300 0.8694131
# 12 0.017433 0.862987766666
# 12 0.017567 0.855371466667
# 12 0.017700 0.848270766668
# 14 0.015700 0.941340266668
# 14 0.015833 0.936980866669
# 14 0.015967 0.931920033333
# 14 0.016100 0.926435700002
# 14 0.016233 0.921300333332
# 14 0.016367 0.915019066668
# 14 0.016500 0.908649233332
# 14 0.016633 0.9023229
# 14 0.016767 0.896091899999
# 14 0.016900 0.888822866666
# 14 0.017033 0.882152666668
# 14 0.017167 0.873277766666
# 14 0.017300 0.8653975
# 14 0.017433 0.856524233333
# 14 0.017567 0.848208300001
# 14 0.017700 0.839376633333
!

precision=576000
tau=1.300000
# 10 0.015700 0.928178866665
# 10 0.015833 0.924390566667
# 10 0.015967 0.919494733334
# 10 0.016100 0.915828133333
# 10 0.016233 0.9117569
# 10 0.016367 0.906841966667
# 10 0.016500 0.903003399999
# 10 0.016633 0.897850633334
# 10 0.016767 0.892661466666
# 10 0.016900 0.887378366668
# 10 0.017033 0.882029433334
# 10 0.017167 0.876805466666
# 10 0.017300 0.870157933332
# 10 0.017433 0.863479166667
# 10 0.017567 0.858184000001
# 10 0.017700 0.851775966667
# 12 0.015700 0.934296733334
# 12 0.015833 0.929534666667
# 12 0.015967 0.925119666665
# 12 0.016100 0.919821266666
# 12 0.016233 0.914920166667
# 12 0.016367 0.909774233334
# 12 0.016500 0.904567633335
# 12 0.016633 0.899485966667
# 12 0.016767 0.892593766667
# 12 0.016900 0.885850633333
# 12 0.017033 0.879859300001
# 12 0.017167 0.873536333333
# 12 0.017300 0.865774300001
# 12 0.017433 0.859062433333
# 12 0.017567 0.851414933334
# 12 0.017700 0.844022533333
# 14 0.015700 0.9389392
# 14 0.015833 0.9347795
# 14 0.015967 0.929149200001
# 14 0.016100 0.923807266667
# 14 0.016233 0.918340166667
# 14 0.016367 0.911798600001
# 14 0.016500 0.905510333333
# 14 0.016633 0.899072866668
# 14 0.016767 0.8925903
# 14 0.016900 0.884968733334
# 14 0.017033 0.878442700001
# 14 0.017167 0.869137133334
# 14 0.017300 0.860788166668
# 14 0.017433 0.851802133334
# 14 0.017567 0.843269066667
# 14 0.017700 0.834152766667
!

precision=576000
tau=1.400000
# 10 0.015700 0.925772533333
# 10 0.015833 0.921642366667
# 10 0.015967 0.916782933335
# 10 0.016100 0.9126944
# 10 0.016233 0.9086475
# 10 0.016367 0.903619699999
# 10 0.016500 0.8996233
# 10 0.016633 0.894473966667
# 10 0.016767 0.889050400001
# 10 0.016900 0.883854133334
# 10 0.017033 0.878199666667
# 10 0.017167 0.8725296
# 10 0.017300 0.865987833335
# 10 0.017433 0.858935766667
# 10 0.017567 0.853588533333
# 10 0.017700 0.847088433332
# 12 0.015700 0.931192733333
# 12 0.015833 0.926682333334
# 12 0.015967 0.921930566666
# 12 0.016100 0.916512033334
# 12 0.016233 0.911473866666
# 12 0.016367 0.905972266668
# 12 0.016500 0.900541566667
# 12 0.016633 0.895361066667
# 12 0.016767 0.888333300001
# 12 0.016900 0.881126733334
# 12 0.017033 0.875196166667
# 12 0.017167 0.868487733334
# 12 0.017300 0.8605017
# 12 0.017433 0.853937433334
# 12 0.017567 0.845774233334
# 12 0.017700 0.838428766668
# 14 0.015700 0.935869766666
# 14 0.015833 0.931341966666
# 14 0.015967 0.925435666664
# 14 0.016100 0.919980833333
# 14 0.016233 0.914394
# 14 0.016367 0.907769033332
# 14 0.016500 0.901097233334
# 14 0.016633 0.894152833334
# 14 0.016767 0.887393966666
# 14 0.016900 0.879388833334
# 14 0.017033 0.872781233333
# 14 0.017167 0.863065966667
# 14 0.017300 0.854928833333
# 14 0.017433 0.845241266668
# 14 0.017567 0.836555466667
# 14 0.017700 0.827015633333
!

