time_factor=2.500000
synchronicity=0.000000

precision=576000
tau=0.600000
# 10 0.015700 0.927395733332
# 10 0.015833 0.924024300001
# 10 0.015967 0.918800400001
# 10 0.016100 0.914887166668
# 10 0.016233 0.910168366666
# 10 0.016367 0.906951400001
# 10 0.016500 0.900972133333
# 10 0.016633 0.896765566666
# 10 0.016767 0.890748166666
# 10 0.016900 0.886074633334
# 10 0.017033 0.880791599998
# 10 0.017167 0.874663233334
# 10 0.017300 0.869017299998
# 10 0.017433 0.8633576
# 10 0.017567 0.857171833334
# 10 0.017700 0.850618
# 12 0.015700 0.932664833332
# 12 0.015833 0.927935700001
# 12 0.015967 0.923470399999
# 12 0.016100 0.918158033333
# 12 0.016233 0.913345433334
# 12 0.016367 0.907140566667
# 12 0.016500 0.902161433332
# 12 0.016633 0.897541633333
# 12 0.016767 0.890086799999
# 12 0.016900 0.883940966666
# 12 0.017033 0.877458300001
# 12 0.017167 0.870317766666
# 12 0.017300 0.863612766666
# 12 0.017433 0.856423566666
# 12 0.017567 0.848548500002
# 12 0.017700 0.841218666668
# 14 0.015700 0.936475566666
# 14 0.015833 0.932489533333
# 14 0.015967 0.926869766667
# 14 0.016100 0.921543366668
# 14 0.016233 0.915359366669
# 14 0.016367 0.909598966667
# 14 0.016500 0.9038281
# 14 0.016633 0.896052066667
# 14 0.016767 0.888111066668
# 14 0.016900 0.881927033335
# 14 0.017033 0.873953099999
# 14 0.017167 0.866251700001
# 14 0.017300 0.857774266667
# 14 0.017433 0.849210099999
# 14 0.017567 0.839746566666
# 14 0.017700 0.829364533333
!

precision=576000
tau=0.700000
# 10 0.015700 0.930466966667
# 10 0.015833 0.927439166667
# 10 0.015967 0.922270833333
# 10 0.016100 0.918414933333
# 10 0.016233 0.9140886
# 10 0.016367 0.910920133336
# 10 0.016500 0.905255133334
# 10 0.016633 0.901005166664
# 10 0.016767 0.895222133335
# 10 0.016900 0.890911466667
# 10 0.017033 0.885571133334
# 10 0.017167 0.879595466667
# 10 0.017300 0.874130133333
# 10 0.017433 0.868609333333
# 10 0.017567 0.862649266667
# 10 0.017700 0.856177066665
# 12 0.015700 0.936553766665
# 12 0.015833 0.931847133333
# 12 0.015967 0.927593700001
# 12 0.016100 0.9227968
# 12 0.016233 0.918142299999
# 12 0.016367 0.9122551
# 12 0.016500 0.907470399999
# 12 0.016633 0.9029913
# 12 0.016767 0.896130166668
# 12 0.016900 0.890185700002
# 12 0.017033 0.8838611
# 12 0.017167 0.877001766666
# 12 0.017300 0.870447900002
# 12 0.017433 0.863656333333
# 12 0.017567 0.8560555
# 12 0.017700 0.848835066667
# 14 0.015700 0.941013766667
# 14 0.015833 0.937293266667
# 14 0.015967 0.931907966668
# 14 0.016100 0.926763900001
# 14 0.016233 0.920961833334
# 14 0.016367 0.915270833333
# 14 0.016500 0.909902666668
# 14 0.016633 0.902713533333
# 14 0.016767 0.895392333333
# 14 0.016900 0.889274266664
# 14 0.017033 0.881635466667
# 14 0.017167 0.874506866666
# 14 0.017300 0.866064200001
# 14 0.017433 0.857927066667
# 14 0.017567 0.848963499998
# 14 0.017700 0.839550333332
!

precision=576000
tau=0.800000
# 10 0.015700 0.9327604
# 10 0.015833 0.929654466666
# 10 0.015967 0.924963466668
# 10 0.016100 0.921098866668
# 10 0.016233 0.9169912
# 10 0.016367 0.9136892
# 10 0.016500 0.9082065
# 10 0.016633 0.904354166665
# 10 0.016767 0.898397566666
# 10 0.016900 0.894416700002
# 10 0.017033 0.8892014
# 10 0.017167 0.883435766666
# 10 0.017300 0.877878366668
# 10 0.017433 0.872694399999
# 10 0.017567 0.866657900002
# 10 0.017700 0.860336733334
# 12 0.015700 0.939109266667
# 12 0.015833 0.934782933334
# 12 0.015967 0.930446166665
# 12 0.016100 0.925949533333
# 12 0.016233 0.921449533332
# 12 0.016367 0.915963499999
# 12 0.016500 0.911076333334
# 12 0.016633 0.906831533334
# 12 0.016767 0.900256866666
# 12 0.016900 0.894652733334
# 12 0.017033 0.888279433334
# 12 0.017167 0.881505166666
# 12 0.017300 0.875357566667
# 12 0.017433 0.868723966668
# 12 0.017567 0.861322966666
# 12 0.017700 0.854215199999
# 14 0.015700 0.944050366667
# 14 0.015833 0.940342033334
# 14 0.015967 0.935225733332
# 14 0.016100 0.930201366668
# 14 0.016233 0.9247933
# 14 0.016367 0.919513900001
# 14 0.016500 0.914210033333
# 14 0.016633 0.907427133334
# 14 0.016767 0.900154433334
# 14 0.016900 0.894194333333
# 14 0.017033 0.887387133333
# 14 0.017167 0.880109366667
# 14 0.017300 0.871814166668
# 14 0.017433 0.8638524
# 14 0.017567 0.855598933334
# 14 0.017700 0.846164866667
!

precision=576000
tau=0.900000
# 10 0.015700 0.933890566667
# 10 0.015833 0.9309756
# 10 0.015967 0.926449533333
# 10 0.016100 0.922769033333
# 10 0.016233 0.918552033332
# 10 0.016367 0.9153072
# 10 0.016500 0.909909666666
# 10 0.016633 0.906347166666
# 10 0.016767 0.9004514
# 10 0.016900 0.896303766667
# 10 0.017033 0.891454866667
# 10 0.017167 0.8854235
# 10 0.017300 0.880050266665
# 10 0.017433 0.875008633332
# 10 0.017567 0.869210033332
# 10 0.017700 0.863029399999
# 12 0.015700 0.940701366668
# 12 0.015833 0.9364739
# 12 0.015967 0.932295066667
# 12 0.016100 0.927749866668
# 12 0.016233 0.9232083
# 12 0.016367 0.917975566666
# 12 0.016500 0.913385466666
# 12 0.016633 0.909123233333
# 12 0.016767 0.9026179
# 12 0.016900 0.897152733332
# 12 0.017033 0.890699666666
# 12 0.017167 0.884074566665
# 12 0.017300 0.8780573
# 12 0.017433 0.871649266667
# 12 0.017567 0.864373233332
# 12 0.017700 0.857272499999
# 14 0.015700 0.9458194
# 14 0.015833 0.942121533335
# 14 0.015967 0.937137100001
# 14 0.016100 0.932237766667
# 14 0.016233 0.9268507
# 14 0.016367 0.921800366666
# 14 0.016500 0.916562566667
# 14 0.016633 0.910072900001
# 14 0.016767 0.902866166667
# 14 0.016900 0.897126700001
# 14 0.017033 0.890333333334
# 14 0.017167 0.883071200002
# 14 0.017300 0.874934033334
# 14 0.017433 0.867515599999
# 14 0.017567 0.859187399999
# 14 0.017700 0.850178766666
!

precision=576000
tau=1.000000
# 10 0.015700 0.934312466665
# 10 0.015833 0.931230799999
# 10 0.015967 0.926934033333
# 10 0.016100 0.923171866667
# 10 0.016233 0.919199699999
# 10 0.016367 0.9157188
# 10 0.016500 0.910489599999
# 10 0.016633 0.906869799999
# 10 0.016767 0.901138766667
# 10 0.016900 0.897362766666
# 10 0.017033 0.892026033332
# 10 0.017167 0.886091899999
# 10 0.017300 0.880812399999
# 10 0.017433 0.875791633332
# 10 0.017567 0.869961799999
# 10 0.017700 0.863940966666
# 12 0.015700 0.941088466665
# 12 0.015833 0.936973933334
# 12 0.015967 0.932748233333
# 12 0.016100 0.928461766667
# 12 0.016233 0.923739466667
# 12 0.016367 0.918550466669
# 12 0.016500 0.913812466666
# 12 0.016633 0.909900933335
# 12 0.016767 0.903322866666
# 12 0.016900 0.897692666666
# 12 0.017033 0.891499999999
# 12 0.017167 0.884907933334
# 12 0.017300 0.879088533333
# 12 0.017433 0.872619666666
# 12 0.017567 0.865326333334
# 12 0.017700 0.8583923
# 14 0.015700 0.946465300001
# 14 0.015833 0.942539933333
# 14 0.015967 0.937656166666
# 14 0.016100 0.932930533334
# 14 0.016233 0.927543366665
# 14 0.016367 0.922824500002
# 14 0.016500 0.917295133332
# 14 0.016633 0.910914766667
# 14 0.016767 0.903918366668
# 14 0.016900 0.898126666666
# 14 0.017033 0.891192633333
# 14 0.017167 0.884230866666
# 14 0.017300 0.876097200001
# 14 0.017433 0.868479100001
# 14 0.017567 0.8603316
# 14 0.017700 0.8515346
!

precision=576000
tau=1.100000
# 10 0.015700 0.9339132
# 10 0.015833 0.930614466665
# 10 0.015967 0.926630166666
# 10 0.016100 0.922650966666
# 10 0.016233 0.918828066666
# 10 0.016367 0.915041666667
# 10 0.016500 0.909816
# 10 0.016633 0.9062517
# 10 0.016767 0.9003176
# 10 0.016900 0.896303833332
# 10 0.017033 0.891131899998
# 10 0.017167 0.8856527
# 10 0.017300 0.879954733332
# 10 0.017433 0.874993133334
# 10 0.017567 0.868935766667
# 10 0.017700 0.862720466667
# 12 0.015700 0.940600666667
# 12 0.015833 0.936546899999
# 12 0.015967 0.932328066666
# 12 0.016100 0.9280416
# 12 0.016233 0.923076300001
# 12 0.016367 0.9177865
# 12 0.016500 0.913376599999
# 12 0.016633 0.909052033335
# 12 0.016767 0.902624899998
# 12 0.016900 0.896954866665
# 12 0.017033 0.890277700001
# 12 0.017167 0.884182233334
# 12 0.017300 0.878105866666
# 12 0.017433 0.871833333332
# 12 0.017567 0.864364533333
# 12 0.017700 0.857265633333
# 14 0.015700 0.945859366667
# 14 0.015833 0.942093666667
# 14 0.015967 0.937022566666
# 14 0.016100 0.932282966666
# 14 0.016233 0.927010366667
# 14 0.016367 0.922001733333
# 14 0.016500 0.9165382
# 14 0.016633 0.9101771
# 14 0.016767 0.903062366667
# 14 0.016900 0.8974287
# 14 0.017033 0.890147533334
# 14 0.017167 0.883138866666
# 14 0.017300 0.874600666666
# 14 0.017433 0.8674427
# 14 0.017567 0.858958333331
# 14 0.017700 0.850019166668
!

precision=576000
tau=1.200000
# 10 0.015700 0.932697899999
# 10 0.015833 0.9288889
# 10 0.015967 0.924883566666
# 10 0.016100 0.920956533334
# 10 0.016233 0.917078066666
# 10 0.016367 0.913317666666
# 10 0.016500 0.908020799999
# 10 0.016633 0.9042048
# 10 0.016767 0.898262133334
# 10 0.016900 0.894409666666
# 10 0.017033 0.888852466666
# 10 0.017167 0.883409633332
# 10 0.017300 0.877649233334
# 10 0.017433 0.872543466666
# 10 0.017567 0.866704800001
# 10 0.017700 0.860430566667
# 12 0.015700 0.938934033332
# 12 0.015833 0.935060833334
# 12 0.015967 0.930649299999
# 12 0.016100 0.926043333334
# 12 0.016233 0.921224
# 12 0.016367 0.915833233334
# 12 0.016500 0.911135366667
# 12 0.016633 0.906845366666
# 12 0.016767 0.9001528
# 12 0.016900 0.894565933332
# 12 0.017033 0.887651000001
# 12 0.017167 0.881166500001
# 12 0.017300 0.875352333332
# 12 0.017433 0.868883666665
# 12 0.017567 0.861749966666
# 12 0.017700 0.854097300001
# 14 0.015700 0.9440642
# 14 0.015833 0.940258566666
# 14 0.015967 0.935086766666
# 14 0.016100 0.930125066667
# 14 0.016233 0.924873233334
# 14 0.016367 0.919798633333
# 14 0.016500 0.913939133332
# 14 0.016633 0.907470466668
# 14 0.016767 0.900350666666
# 14 0.016900 0.894775933333
# 14 0.017033 0.887499933332
# 14 0.017167 0.879916633333
# 14 0.017300 0.871289866667
# 14 0.017433 0.864019066667
# 14 0.017567 0.855394100002
# 14 0.017700 0.8461284
!

precision=576000
tau=1.300000
# 10 0.015700 0.930220433332
# 10 0.015833 0.926314166666
# 10 0.015967 0.9219305
# 10 0.016100 0.9181788
# 10 0.016233 0.914159500001
# 10 0.016367 0.910539866667
# 10 0.016500 0.9045937
# 10 0.016633 0.9010138
# 10 0.016767 0.894946133333
# 10 0.016900 0.891157966666
# 10 0.017033 0.885329866667
# 10 0.017167 0.879524266666
# 10 0.017300 0.873552066666
# 10 0.017433 0.868269066665
# 10 0.017567 0.862706500001
# 10 0.017700 0.856059033334
# 12 0.015700 0.9364288
# 12 0.015833 0.932348933333
# 12 0.015967 0.927512066667
# 12 0.016100 0.923110999999
# 12 0.016233 0.917933966669
# 12 0.016367 0.912178800001
# 12 0.016500 0.907522533333
# 12 0.016633 0.903006866666
# 12 0.016767 0.896034666666
# 12 0.016900 0.8902777
# 12 0.017033 0.883256933334
# 12 0.017167 0.876800233333
# 12 0.017300 0.870374933333
# 12 0.017433 0.8637725
# 12 0.017567 0.856654533334
# 12 0.017700 0.848569400001
# 14 0.015700 0.941161400001
# 14 0.015833 0.937109399999
# 14 0.015967 0.931826433332
# 14 0.016100 0.926649366667
# 14 0.016233 0.920841966666
# 14 0.016367 0.916069499999
# 14 0.016500 0.909694466667
# 14 0.016633 0.903189199999
# 14 0.016767 0.895494666667
# 14 0.016900 0.889651066666
# 14 0.017033 0.882334933333
# 14 0.017167 0.874270800002
# 14 0.017300 0.865486
# 14 0.017433 0.857893966666
# 14 0.017567 0.848935800001
# 14 0.017700 0.839581500001
!

precision=576000
tau=1.400000
# 10 0.015700 0.926659733334
# 10 0.015833 0.922649266667
# 10 0.015967 0.9181077
# 10 0.016100 0.914170133333
# 10 0.016233 0.910062399999
# 10 0.016367 0.906088433336
# 10 0.016500 0.900135333334
# 10 0.016633 0.8962986
# 10 0.016767 0.889894066667
# 10 0.016900 0.886008666667
# 10 0.017033 0.880133533332
# 10 0.017167 0.874062433333
# 10 0.017300 0.867732633333
# 10 0.017433 0.862499999999
# 10 0.017567 0.856703133335
# 10 0.017700 0.849559
# 12 0.015700 0.932421799999
# 12 0.015833 0.928277733333
# 12 0.015967 0.923256833332
# 12 0.016100 0.918387066667
# 12 0.016233 0.913182133334
# 12 0.016367 0.907128433333
# 12 0.016500 0.902053733333
# 12 0.016633 0.897366233335
# 12 0.016767 0.889977300001
# 12 0.016900 0.883592000001
# 12 0.017033 0.876953066666
# 12 0.017167 0.870010366666
# 12 0.017300 0.863394066667
# 12 0.017433 0.856484366666
# 12 0.017567 0.8489722
# 12 0.017700 0.840612766667
# 14 0.015700 0.9368923
# 14 0.015833 0.932407933336
# 14 0.015967 0.926795033334
# 14 0.016100 0.9214149
# 14 0.016233 0.915194333333
# 14 0.016367 0.910249966667
# 14 0.016500 0.9034253
# 14 0.016633 0.896564166666
# 14 0.016767 0.888442699999
# 14 0.016900 0.882269033333
# 14 0.017033 0.8747569
# 14 0.017167 0.86621
# 14 0.017300 0.8570381
# 14 0.017433 0.849112833334
# 14 0.017567 0.839734266666
# 14 0.017700 0.829855866666
!

