time_factor=2.500000
synchronicity=0.000000

precision=576000
tau=0.600000
# 10 0.015700 0.928842033334
# 10 0.015833 0.925239533331
# 10 0.015967 0.920324633334
# 10 0.016100 0.916352433333
# 10 0.016233 0.912104033332
# 10 0.016367 0.907993
# 10 0.016500 0.9034496
# 10 0.016633 0.897397466666
# 10 0.016767 0.892421866667
# 10 0.016900 0.888517366666
# 10 0.017033 0.882758633333
# 10 0.017167 0.876446166667
# 10 0.017300 0.871460133331
# 10 0.017433 0.865305466667
# 10 0.017567 0.859706633333
# 10 0.017700 0.853682200001
# 12 0.015700 0.934168300001
# 12 0.015833 0.929274299999
# 12 0.015967 0.924829833333
# 12 0.016100 0.920371433332
# 12 0.016233 0.915480833334
# 12 0.016367 0.909578199999
# 12 0.016500 0.903750000001
# 12 0.016633 0.898921899999
# 12 0.016767 0.892156233334
# 12 0.016900 0.886354200001
# 12 0.017033 0.879418400001
# 12 0.017167 0.873184033334
# 12 0.017300 0.866112833334
# 12 0.017433 0.858545166665
# 12 0.017567 0.852604100003
# 12 0.017700 0.8434913
# 14 0.015700 0.938782833332
# 14 0.015833 0.934105833334
# 14 0.015967 0.9287707
# 14 0.016100 0.92346
# 14 0.016233 0.9177134
# 14 0.016367 0.911801966668
# 14 0.016500 0.905595533333
# 14 0.016633 0.899246600001
# 14 0.016767 0.891347233333
# 14 0.016900 0.885118033333
# 14 0.017033 0.876328066665
# 14 0.017167 0.869381833334
# 14 0.017300 0.861432233334
# 14 0.017433 0.852765566667
# 14 0.017567 0.843185666667
# 14 0.017700 0.834607533332
!

precision=576000
tau=0.700000
# 10 0.015700 0.931630166667
# 10 0.015833 0.928314200001
# 10 0.015967 0.923352366668
# 10 0.016100 0.919538100001
# 10 0.016233 0.915381933334
# 10 0.016367 0.911470433334
# 10 0.016500 0.9069653
# 10 0.016633 0.901151033333
# 10 0.016767 0.896435866668
# 10 0.016900 0.8926353
# 10 0.017033 0.886963433334
# 10 0.017167 0.880817699999
# 10 0.017300 0.875966933334
# 10 0.017433 0.870123233334
# 10 0.017567 0.864652699999
# 10 0.017700 0.858873266666
# 12 0.015700 0.937538133334
# 12 0.015833 0.9329844
# 12 0.015967 0.9286857
# 12 0.016100 0.924130066665
# 12 0.016233 0.919522433332
# 12 0.016367 0.914074466668
# 12 0.016500 0.908279433333
# 12 0.016633 0.903970433333
# 12 0.016767 0.897211733335
# 12 0.016900 0.891555533333
# 12 0.017033 0.8847761
# 12 0.017167 0.878923599999
# 12 0.017300 0.872034700001
# 12 0.017433 0.8647378
# 12 0.017567 0.858894099999
# 12 0.017700 0.850185766667
# 14 0.015700 0.942725666666
# 14 0.015833 0.938230766665
# 14 0.015967 0.933157933333
# 14 0.016100 0.928097066667
# 14 0.016233 0.922467066665
# 14 0.016367 0.917088599999
# 14 0.016500 0.9109584
# 14 0.016633 0.905015600001
# 14 0.016767 0.897611033333
# 14 0.016900 0.8916007
# 14 0.017033 0.882911433334
# 14 0.017167 0.876277766665
# 14 0.017300 0.868671933334
# 14 0.017433 0.860079799999
# 14 0.017567 0.851371366666
# 14 0.017700 0.843124966665
!

precision=576000
tau=0.800000
# 10 0.015700 0.933117966668
# 10 0.015833 0.930145766668
# 10 0.015967 0.9251839
# 10 0.016100 0.921503499999
# 10 0.016233 0.917498266667
# 10 0.016367 0.913718733333
# 10 0.016500 0.909036466668
# 10 0.016633 0.903607566668
# 10 0.016767 0.899041566667
# 10 0.016900 0.895201300001
# 10 0.017033 0.889784700001
# 10 0.017167 0.8840068
# 10 0.017300 0.878944400001
# 10 0.017433 0.873171866667
# 10 0.017567 0.867913
# 10 0.017700 0.8619808
# 12 0.015700 0.939482633334
# 12 0.015833 0.934928766666
# 12 0.015967 0.931196133333
# 12 0.016100 0.926567700002
# 12 0.016233 0.922312433334
# 12 0.016367 0.916859466667
# 12 0.016500 0.911243033333
# 12 0.016633 0.9069808
# 12 0.016767 0.900597199999
# 12 0.016900 0.894678700001
# 12 0.017033 0.888559033335
# 12 0.017167 0.882393999998
# 12 0.017300 0.875748166667
# 12 0.017433 0.8688055
# 12 0.017567 0.862836800001
# 12 0.017700 0.854468700001
# 14 0.015700 0.945243099999
# 14 0.015833 0.940906166666
# 14 0.015967 0.935814200001
# 14 0.016100 0.930722066668
# 14 0.016233 0.925536433333
# 14 0.016367 0.920489500003
# 14 0.016500 0.914100600001
# 14 0.016633 0.908508533333
# 14 0.016767 0.901505133334
# 14 0.016900 0.895708266667
# 14 0.017033 0.887109333332
# 14 0.017167 0.880598833333
# 14 0.017300 0.873182366667
# 14 0.017433 0.8648351
# 14 0.017567 0.8563281
# 14 0.017700 0.848298566666
!

precision=576000
tau=0.900000
# 10 0.015700 0.934003366666
# 10 0.015833 0.931149333333
# 10 0.015967 0.9262604
# 10 0.016100 0.9223906
# 10 0.016233 0.9185121
# 10 0.016367 0.914673566666
# 10 0.016500 0.9102395
# 10 0.016633 0.904571133335
# 10 0.016767 0.9002065
# 10 0.016900 0.896230733334
# 10 0.017033 0.8910034
# 10 0.017167 0.885357633333
# 10 0.017300 0.880191000001
# 10 0.017433 0.874451366666
# 10 0.017567 0.869361066666
# 10 0.017700 0.863489633334
# 12 0.015700 0.940623333333
# 12 0.015833 0.935880133334
# 12 0.015967 0.932161366667
# 12 0.016100 0.9277465
# 12 0.016233 0.923447966667
# 12 0.016367 0.918121433333
# 12 0.016500 0.912532966668
# 12 0.016633 0.908329800002
# 12 0.016767 0.901916699999
# 12 0.016900 0.8964965
# 12 0.017033 0.889918366667
# 12 0.017167 0.884182200001
# 12 0.017300 0.877590166669
# 12 0.017433 0.8701753
# 12 0.017567 0.864829800001
# 12 0.017700 0.856447866667
# 14 0.015700 0.9460312
# 14 0.015833 0.942083300001
# 14 0.015967 0.937097033334
# 14 0.016100 0.9322847
# 14 0.016233 0.926970366666
# 14 0.016367 0.921909666667
# 14 0.016500 0.915432266668
# 14 0.016633 0.9103801
# 14 0.016767 0.903331566668
# 14 0.016900 0.897302033334
# 14 0.017033 0.888954800001
# 14 0.017167 0.8826667
# 14 0.017300 0.875427000001
# 14 0.017433 0.867446033332
# 14 0.017567 0.858645766666
# 14 0.017700 0.850510333334
!

precision=576000
tau=1.000000
# 10 0.015700 0.933817733335
# 10 0.015833 0.931123233334
# 10 0.015967 0.925958299998
# 10 0.016100 0.922406233334
# 10 0.016233 0.918216933334
# 10 0.016367 0.914616300001
# 10 0.016500 0.909942666667
# 10 0.016633 0.904480866667
# 10 0.016767 0.899965300001
# 10 0.016900 0.896116199999
# 10 0.017033 0.890847166665
# 10 0.017167 0.885334966666
# 10 0.017300 0.8800382
# 10 0.017433 0.874201400001
# 10 0.017567 0.869142333332
# 10 0.017700 0.8631875
# 12 0.015700 0.9405156
# 12 0.015833 0.935789833333
# 12 0.015967 0.931994800001
# 12 0.016100 0.927645866669
# 12 0.016233 0.923444366667
# 12 0.016367 0.9180225
# 12 0.016500 0.912494733333
# 12 0.016633 0.908078
# 12 0.016767 0.901827999999
# 12 0.016900 0.896350633334
# 12 0.017033 0.889463566666
# 12 0.017167 0.884043233334
# 12 0.017300 0.877536400001
# 12 0.017433 0.869914933333
# 12 0.017567 0.8645121
# 12 0.017700 0.856071099997
# 14 0.015700 0.945859399999
# 14 0.015833 0.942131833333
# 14 0.015967 0.936994766668
# 14 0.016100 0.932010433333
# 14 0.016233 0.926784600001
# 14 0.016367 0.921751699999
# 14 0.016500 0.915411366665
# 14 0.016633 0.9100503
# 14 0.016767 0.902986133334
# 14 0.016900 0.8968767
# 14 0.017033 0.888767333334
# 14 0.017167 0.8824236
# 14 0.017300 0.875449633333
# 14 0.017433 0.867126733334
# 14 0.017567 0.858414866667
# 14 0.017700 0.850083333334
!

precision=576000
tau=1.100000
# 10 0.015700 0.932664933334
# 10 0.015833 0.930003466666
# 10 0.015967 0.924742966666
# 10 0.016100 0.921036533332
# 10 0.016233 0.917112766666
# 10 0.016367 0.9132812
# 10 0.016500 0.908545133334
# 10 0.016633 0.903272466667
# 10 0.016767 0.898329833334
# 10 0.016900 0.894519033332
# 10 0.017033 0.888894133332
# 10 0.017167 0.883621499999
# 10 0.017300 0.8781823
# 10 0.017433 0.872128500001
# 10 0.017567 0.867284666667
# 10 0.017700 0.8610781
# 12 0.015700 0.939390633334
# 12 0.015833 0.934784700001
# 12 0.015967 0.93075
# 12 0.016100 0.926218733334
# 12 0.016233 0.922065966666
# 12 0.016367 0.916734399999
# 12 0.016500 0.910949633333
# 12 0.016633 0.905970466667
# 12 0.016767 0.899916633332
# 12 0.016900 0.894527666669
# 12 0.017033 0.887440866667
# 12 0.017167 0.8822985
# 12 0.017300 0.875520733332
# 12 0.017433 0.867666566668
# 12 0.017567 0.862355899999
# 12 0.017700 0.853235966666
# 14 0.015700 0.944675333334
# 14 0.015833 0.940822899999
# 14 0.015967 0.935487899999
# 14 0.016100 0.930494666665
# 14 0.016233 0.925187500001
# 14 0.016367 0.920060766666
# 14 0.016500 0.913499966666
# 14 0.016633 0.907888966668
# 14 0.016767 0.900895833332
# 14 0.016900 0.894848999999
# 14 0.017033 0.886572833333
# 14 0.017167 0.879980799999
# 14 0.017300 0.873039933332
# 14 0.017433 0.864598966668
# 14 0.017567 0.855333333333
# 14 0.017700 0.847025966665
!

precision=576000
tau=1.200000
# 10 0.015700 0.930593666666
# 10 0.015833 0.9278647
# 10 0.015967 0.922579800001
# 10 0.016100 0.918644066666
# 10 0.016233 0.914720433334
# 10 0.016367 0.910815933333
# 10 0.016500 0.905885366666
# 10 0.016633 0.900703033333
# 10 0.016767 0.895220466665
# 10 0.016900 0.891467
# 10 0.017033 0.885633633333
# 10 0.017167 0.880522533333
# 10 0.017300 0.874878433334
# 10 0.017433 0.868802166666
# 10 0.017567 0.8638089
# 10 0.017700 0.857406266667
# 12 0.015700 0.937336766666
# 12 0.015833 0.932236099999
# 12 0.015967 0.9281927
# 12 0.016100 0.9235052
# 12 0.016233 0.919189200001
# 12 0.016367 0.913694366666
# 12 0.016500 0.9078195
# 12 0.016633 0.902810666667
# 12 0.016767 0.896621433333
# 12 0.016900 0.890788166667
# 12 0.017033 0.883654533333
# 12 0.017167 0.878357533333
# 12 0.017300 0.8711718
# 12 0.017433 0.8634496
# 12 0.017567 0.857779433332
# 12 0.017700 0.848756866669
# 14 0.015700 0.942435699999
# 14 0.015833 0.938213499998
# 14 0.015967 0.932751666667
# 14 0.016100 0.927265566666
# 14 0.016233 0.921932266665
# 14 0.016367 0.916527733334
# 14 0.016500 0.9098802
# 14 0.016633 0.904097233334
# 14 0.016767 0.897222166666
# 14 0.016900 0.890345533333
# 14 0.017033 0.882279433333
# 14 0.017167 0.875460033333
# 14 0.017300 0.868043366667
# 14 0.017433 0.859058933332
# 14 0.017567 0.849800400001
# 14 0.017700 0.841666633332
!

precision=576000
tau=1.300000
# 10 0.015700 0.927546766666
# 10 0.015833 0.924590266666
# 10 0.015967 0.919408000001
# 10 0.016100 0.9153297
# 10 0.016233 0.911055500001
# 10 0.016367 0.907185666666
# 10 0.016500 0.9020278
# 10 0.016633 0.896527733335
# 10 0.016767 0.890986033334
# 10 0.016900 0.886796766667
# 10 0.017033 0.880763866667
# 10 0.017167 0.875468633333
# 10 0.017300 0.869652666667
# 10 0.017433 0.863329833335
# 10 0.017567 0.858465199998
# 10 0.017700 0.851871433333
# 12 0.015700 0.9339999
# 12 0.015833 0.928197833333
# 12 0.015967 0.924682233333
# 12 0.016100 0.919022466667
# 12 0.016233 0.914651033333
# 12 0.016367 0.909191033333
# 12 0.016500 0.903414933333
# 12 0.016633 0.897814233332
# 12 0.016767 0.891459966668
# 12 0.016900 0.885381899999
# 12 0.017033 0.877987766665
# 12 0.017167 0.872654466668
# 12 0.017300 0.864676933333
# 12 0.017433 0.856664833333
# 12 0.017567 0.851175166667
# 12 0.017700 0.8417569
# 14 0.015700 0.938919999999
# 14 0.015833 0.934078033332
# 14 0.015967 0.928375000002
# 14 0.016100 0.922800233332
# 14 0.016233 0.917213466667
# 14 0.016367 0.911383666667
# 14 0.016500 0.904473833332
# 14 0.016633 0.898279433332
# 14 0.016767 0.891189233334
# 14 0.016900 0.883809066667
# 14 0.017033 0.875402766666
# 14 0.017167 0.868168266667
# 14 0.017300 0.8608698
# 14 0.017433 0.851288166667
# 14 0.017567 0.841786533334
# 14 0.017700 0.8330798
!

precision=576000
tau=1.400000
# 10 0.015700 0.923244666667
# 10 0.015833 0.920216966667
# 10 0.015967 0.914946133334
# 10 0.016100 0.910413133332
# 10 0.016233 0.905690999999
# 10 0.016367 0.9019305
# 10 0.016500 0.896385466667
# 10 0.016633 0.890810766666
# 10 0.016767 0.885059033334
# 10 0.016900 0.880486000002
# 10 0.017033 0.874461900001
# 10 0.017167 0.868932200001
# 10 0.017300 0.862807200001
# 10 0.017433 0.856211766667
# 10 0.017567 0.851118033333
# 10 0.017700 0.844446066667
# 12 0.015700 0.929168366668
# 12 0.015833 0.923307233333
# 12 0.015967 0.9192655
# 12 0.016100 0.913531233333
# 12 0.016233 0.9085642
# 12 0.016367 0.903126700001
# 12 0.016500 0.896621499999
# 12 0.016633 0.890937533333
# 12 0.016767 0.884173599999
# 12 0.016900 0.877921833333
# 12 0.017033 0.870046833334
# 12 0.017167 0.863996533335
# 12 0.017300 0.856472200001
# 12 0.017433 0.848177033334
# 12 0.017567 0.841822833333
# 12 0.017700 0.832409600001
# 14 0.015700 0.933626666667
# 14 0.015833 0.928560666666
# 14 0.015967 0.922295099998
# 14 0.016100 0.916329766667
# 14 0.016233 0.910335033335
# 14 0.016367 0.9043698
# 14 0.016500 0.896826366668
# 14 0.016633 0.890494799999
# 14 0.016767 0.882704866667
# 14 0.016900 0.8750521
# 14 0.017033 0.866100666665
# 14 0.017167 0.858170066668
# 14 0.017300 0.850609400001
# 14 0.017433 0.8407239
# 14 0.017567 0.830960033332
# 14 0.017700 0.821640566668
!

