synchronicity=0.300000


time_factor=6
precision=288000
time_weight=0.560000
# 10 0.013209 0.970441
# 10 0.013448 0.966601
# 10 0.013690 0.962917
# 10 0.013929 0.958420
# 10 0.014167 0.953820
# 10 0.014409 0.950108
# 10 0.014647 0.944302
# 10 0.014886 0.939191
# 10 0.015127 0.932486
# 10 0.015365 0.927580
# 10 0.015603 0.920351
# 10 0.015844 0.913059
# 10 0.016082 0.905788
# 10 0.016320 0.898403
# 10 0.016561 0.890417
# 10 0.016799 0.880941
# 12 0.013209 0.975333
# 12 0.013448 0.971625
# 12 0.013690 0.967781
# 12 0.013929 0.962625
# 12 0.014167 0.957826
# 12 0.014409 0.952705
# 12 0.014647 0.947778
# 12 0.014886 0.940820
# 12 0.015127 0.934122
# 12 0.015365 0.926837
# 12 0.015603 0.918611
# 12 0.015844 0.909743
# 12 0.016082 0.900299
# 12 0.016320 0.890688
# 12 0.016561 0.880493
# 12 0.016799 0.869378
# 14 0.013209 0.978684
# 14 0.013448 0.975455
# 14 0.013690 0.971670
# 14 0.013929 0.966552
# 14 0.014167 0.961514
# 14 0.014409 0.956000
# 14 0.014647 0.949590
# 14 0.014886 0.941951
# 14 0.015127 0.934121
# 14 0.015365 0.925469
# 14 0.015603 0.916351
# 14 0.015844 0.905750
# 14 0.016082 0.894674
# 14 0.016320 0.883361
# 14 0.016561 0.870021
# 14 0.016799 0.855493
!

time_factor=6
precision=480000
time_weight=0.580000
# 10 0.013209 0.970548
# 10 0.013448 0.967150
# 10 0.013690 0.962998
# 10 0.013929 0.958854
# 10 0.014167 0.954840
# 10 0.014409 0.950573
# 10 0.014647 0.944515
# 10 0.014886 0.939369
# 10 0.015127 0.933377
# 10 0.015365 0.928123
# 10 0.015603 0.920985
# 10 0.015844 0.914229
# 10 0.016082 0.906479
# 10 0.016320 0.898856
# 10 0.016561 0.891702
# 10 0.016799 0.882494
# 12 0.013209 0.975481
# 12 0.013448 0.971713
# 12 0.013690 0.967421
# 12 0.013929 0.963571
# 12 0.014167 0.958392
# 12 0.014409 0.953421
# 12 0.014647 0.947646
# 12 0.014886 0.941592
# 12 0.015127 0.934523
# 12 0.015365 0.927467
# 12 0.015603 0.918915
# 12 0.015844 0.911387
# 12 0.016082 0.900979
# 12 0.016320 0.892440
# 12 0.016561 0.880846
# 12 0.016799 0.870813
# 14 0.013209 0.978925
# 14 0.013448 0.975729
# 14 0.013690 0.971617
# 14 0.013929 0.967312
# 14 0.014167 0.961956
# 14 0.014409 0.955858
# 14 0.014647 0.949819
# 14 0.014886 0.942804
# 14 0.015127 0.935204
# 14 0.015365 0.926425
# 14 0.015603 0.917181
# 14 0.015844 0.907390
# 14 0.016082 0.895963
# 14 0.016320 0.884444
# 14 0.016561 0.871837
# 14 0.016799 0.858992
!

time_factor=6
precision=288000
time_weight=0.600000
# 10 0.013209 0.970417
# 10 0.013448 0.967375
# 10 0.013690 0.962972
# 10 0.013929 0.958511
# 10 0.014167 0.954847
# 10 0.014409 0.950559
# 10 0.014647 0.945594
# 10 0.014886 0.939479
# 10 0.015127 0.933965
# 10 0.015365 0.927799
# 10 0.015603 0.921080
# 10 0.015844 0.914226
# 10 0.016082 0.907504
# 10 0.016320 0.899285
# 10 0.016561 0.890629
# 10 0.016799 0.882684
# 12 0.013209 0.974993
# 12 0.013448 0.971649
# 12 0.013690 0.967712
# 12 0.013929 0.963469
# 12 0.014167 0.958372
# 12 0.014409 0.953305
# 12 0.014647 0.948837
# 12 0.014886 0.941986
# 12 0.015127 0.935618
# 12 0.015365 0.927541
# 12 0.015603 0.919705
# 12 0.015844 0.910871
# 12 0.016082 0.902444
# 12 0.016320 0.892611
# 12 0.016561 0.883715
# 12 0.016799 0.870333
# 14 0.013209 0.979278
# 14 0.013448 0.975042
# 14 0.013690 0.972101
# 14 0.013929 0.967281
# 14 0.014167 0.962326
# 14 0.014409 0.956389
# 14 0.014647 0.950066
# 14 0.014886 0.943826
# 14 0.015127 0.935653
# 14 0.015365 0.927156
# 14 0.015603 0.918094
# 14 0.015844 0.909128
# 14 0.016082 0.897232
# 14 0.016320 0.884775
# 14 0.016561 0.872406
# 14 0.016799 0.859857
!

time_factor=6
precision=288000
time_weight=0.620000
# 10 0.013209 0.970229
# 10 0.013448 0.966670
# 10 0.013690 0.963048
# 10 0.013929 0.959684
# 10 0.014167 0.954337
# 10 0.014409 0.949986
# 10 0.014647 0.944136
# 10 0.014886 0.940358
# 10 0.015127 0.933646
# 10 0.015365 0.928684
# 10 0.015603 0.922239
# 10 0.015844 0.914423
# 10 0.016082 0.908430
# 10 0.016320 0.898951
# 10 0.016561 0.892156
# 10 0.016799 0.882670
# 12 0.013209 0.975281
# 12 0.013448 0.971622
# 12 0.013690 0.968115
# 12 0.013929 0.962917
# 12 0.014167 0.958837
# 12 0.014409 0.953021
# 12 0.014647 0.948222
# 12 0.014886 0.941754
# 12 0.015127 0.935063
# 12 0.015365 0.927545
# 12 0.015603 0.920778
# 12 0.015844 0.912396
# 12 0.016082 0.902806
# 12 0.016320 0.893660
# 12 0.016561 0.884094
# 12 0.016799 0.872264
# 14 0.013209 0.978771
# 14 0.013448 0.975392
# 14 0.013690 0.971410
# 14 0.013929 0.966879
# 14 0.014167 0.962118
# 14 0.014409 0.955642
# 14 0.014647 0.950347
# 14 0.014886 0.944024
# 14 0.015127 0.936816
# 14 0.015365 0.927448
# 14 0.015603 0.918500
# 14 0.015844 0.908910
# 14 0.016082 0.898070
# 14 0.016320 0.885535
# 14 0.016561 0.874618
# 14 0.016799 0.861604
!

time_factor=6
precision=288000
time_weight=0.640000
# 10 0.013209 0.970382
# 10 0.013448 0.966364
# 10 0.013690 0.962979
# 10 0.013929 0.958326
# 10 0.014167 0.954725
# 10 0.014409 0.950007
# 10 0.014647 0.943903
# 10 0.014886 0.940080
# 10 0.015127 0.933840
# 10 0.015365 0.927521
# 10 0.015603 0.921809
# 10 0.015844 0.915285
# 10 0.016082 0.907726
# 10 0.016320 0.899625
# 10 0.016561 0.890795
# 10 0.016799 0.882983
# 12 0.013209 0.974302
# 12 0.013448 0.971472
# 12 0.013690 0.967444
# 12 0.013929 0.962750
# 12 0.014167 0.958045
# 12 0.014409 0.953552
# 12 0.014647 0.947184
# 12 0.014886 0.941583
# 12 0.015127 0.934448
# 12 0.015365 0.927844
# 12 0.015603 0.919937
# 12 0.015844 0.911010
# 12 0.016082 0.902934
# 12 0.016320 0.894243
# 12 0.016561 0.884712
# 12 0.016799 0.872451
# 14 0.013209 0.978872
# 14 0.013448 0.975201
# 14 0.013690 0.971194
# 14 0.013929 0.966517
# 14 0.014167 0.961288
# 14 0.014409 0.956910
# 14 0.014647 0.949733
# 14 0.014886 0.943076
# 14 0.015127 0.935167
# 14 0.015365 0.926712
# 14 0.015603 0.918451
# 14 0.015844 0.908750
# 14 0.016082 0.898844
# 14 0.016320 0.886893
# 14 0.016561 0.874549
# 14 0.016799 0.861118
!

time_factor=6
precision=288000
time_weight=0.660000
# 10 0.013209 0.969785
# 10 0.013448 0.966437
# 10 0.013690 0.962743
# 10 0.013929 0.958021
# 10 0.014167 0.954309
# 10 0.014409 0.949868
# 10 0.014647 0.944434
# 10 0.014886 0.939559
# 10 0.015127 0.934323
# 10 0.015365 0.926757
# 10 0.015603 0.921111
# 10 0.015844 0.914479
# 10 0.016082 0.907639
# 10 0.016320 0.899868
# 10 0.016561 0.891351
# 10 0.016799 0.882962
# 12 0.013209 0.974600
# 12 0.013448 0.971101
# 12 0.013690 0.966666
# 12 0.013929 0.963233
# 12 0.014167 0.958535
# 12 0.014409 0.953059
# 12 0.014647 0.947823
# 12 0.014886 0.942063
# 12 0.015127 0.935045
# 12 0.015365 0.927271
# 12 0.015603 0.919229
# 12 0.015844 0.911820
# 12 0.016082 0.903122
# 12 0.016320 0.892892
# 12 0.016561 0.884156
# 12 0.016799 0.872622
# 14 0.013209 0.978413
# 14 0.013448 0.975097
# 14 0.013690 0.970858
# 14 0.013929 0.966646
# 14 0.014167 0.962399
# 14 0.014409 0.955795
# 14 0.014647 0.949125
# 14 0.014886 0.941771
# 14 0.015127 0.935320
# 14 0.015365 0.927316
# 14 0.015603 0.918264
# 14 0.015844 0.908410
# 14 0.016082 0.896965
# 14 0.016320 0.885670
# 14 0.016561 0.874243
# 14 0.016799 0.861049
!

time_factor=6
precision=288000
time_weight=0.680000
# 10 0.013209 0.969028
# 10 0.013448 0.965493
# 10 0.013690 0.960673
# 10 0.013929 0.957014
# 10 0.014167 0.953181
# 10 0.014409 0.948167
# 10 0.014647 0.943663
# 10 0.014886 0.937448
# 10 0.015127 0.932201
# 10 0.015365 0.926122
# 10 0.015603 0.919035
# 10 0.015844 0.913458
# 10 0.016082 0.905121
# 10 0.016320 0.897615
# 10 0.016561 0.889733
# 10 0.016799 0.881472
# 12 0.013209 0.973771
# 12 0.013448 0.969781
# 12 0.013690 0.966049
# 12 0.013929 0.961771
# 12 0.014167 0.956618
# 12 0.014409 0.951733
# 12 0.014647 0.945469
# 12 0.014886 0.939594
# 12 0.015127 0.932965
# 12 0.015365 0.925396
# 12 0.015603 0.918559
# 12 0.015844 0.909632
# 12 0.016082 0.899625
# 12 0.016320 0.892323
# 12 0.016561 0.881208
# 12 0.016799 0.870073
# 14 0.013209 0.977354
# 14 0.013448 0.974024
# 14 0.013690 0.969343
# 14 0.013929 0.964993
# 14 0.014167 0.960507
# 14 0.014409 0.954420
# 14 0.014647 0.947892
# 14 0.014886 0.940896
# 14 0.015127 0.933257
# 14 0.015365 0.925507
# 14 0.015603 0.916771
# 14 0.015844 0.906319
# 14 0.016082 0.894670
# 14 0.016320 0.883500
# 14 0.016561 0.872483
# 14 0.016799 0.859344
!

