synchronicity=0.600000

time_factor=3
precision=563200
time_weight=0.680000
# 10 0.017049 0.949165
# 10 0.017246 0.945519
# 10 0.017443 0.941174
# 10 0.017640 0.937743
# 10 0.017837 0.933008
# 10 0.018034 0.929421
# 10 0.018231 0.923961
# 10 0.018428 0.919931
# 10 0.018625 0.914349
# 10 0.018822 0.909112
# 10 0.019019 0.902457
# 10 0.019216 0.897276
# 10 0.019413 0.891317
# 10 0.019610 0.885895
# 10 0.019807 0.879132
# 10 0.020004 0.871182
# 12 0.017049 0.954103
# 12 0.017246 0.950655
# 12 0.017443 0.946813
# 12 0.017640 0.941808
# 12 0.017837 0.937230
# 12 0.018034 0.931101
# 12 0.018231 0.925824
# 12 0.018428 0.920568
# 12 0.018625 0.914387
# 12 0.018822 0.907768
# 12 0.019019 0.900533
# 12 0.019216 0.893468
# 12 0.019413 0.885952
# 12 0.019610 0.879075
# 12 0.019807 0.870685
# 12 0.020004 0.862630
# 14 0.017049 0.959031
# 14 0.017246 0.954837
# 14 0.017443 0.950364
# 14 0.017640 0.945456
# 14 0.017837 0.939858
# 14 0.018034 0.934272
# 14 0.018231 0.927777
# 14 0.018428 0.921019
# 14 0.018625 0.914096
# 14 0.018822 0.906522
# 14 0.019019 0.898045
# 14 0.019216 0.890909
# 14 0.019413 0.881447
# 14 0.019610 0.872042
# 14 0.019807 0.862194
# 14 0.020004 0.851557
!

time_factor=3
precision=563200
time_weight=0.700000
# 10 0.017049 0.949449
# 10 0.017246 0.945786
# 10 0.017443 0.941378
# 10 0.017640 0.937956
# 10 0.017837 0.932855
# 10 0.018034 0.929336
# 10 0.018231 0.924675
# 10 0.018428 0.919332
# 10 0.018625 0.914450
# 10 0.018822 0.908892
# 10 0.019019 0.902846
# 10 0.019216 0.897516
# 10 0.019413 0.891907
# 10 0.019610 0.884922
# 10 0.019807 0.879787
# 10 0.020004 0.871408
# 12 0.017049 0.954146
# 12 0.017246 0.950881
# 12 0.017443 0.946188
# 12 0.017640 0.941680
# 12 0.017837 0.936738
# 12 0.018034 0.931923
# 12 0.018231 0.926573
# 12 0.018428 0.919922
# 12 0.018625 0.914725
# 12 0.018822 0.908381
# 12 0.019019 0.900916
# 12 0.019216 0.893288
# 12 0.019413 0.886634
# 12 0.019610 0.879771
# 12 0.019807 0.870295
# 12 0.020004 0.862448
# 14 0.017049 0.959242
# 14 0.017246 0.954817
# 14 0.017443 0.950687
# 14 0.017640 0.945021
# 14 0.017837 0.939743
# 14 0.018034 0.933922
# 14 0.018231 0.927978
# 14 0.018428 0.921385
# 14 0.018625 0.914767
# 14 0.018822 0.907225
# 14 0.019019 0.899079
# 14 0.019216 0.889831
# 14 0.019413 0.881497
# 14 0.019610 0.873226
# 14 0.019807 0.862848
# 14 0.020004 0.851749
!

time_factor=3
precision=563200
time_weight=0.720000
# 10 0.017049 0.949343
# 10 0.017246 0.946014
# 10 0.017443 0.941620
# 10 0.017640 0.938011
# 10 0.017837 0.933478
# 10 0.018034 0.929229
# 10 0.018231 0.924467
# 10 0.018428 0.919961
# 10 0.018625 0.914489
# 10 0.018822 0.908991
# 10 0.019019 0.902727
# 10 0.019216 0.898333
# 10 0.019413 0.892310
# 10 0.019610 0.885087
# 10 0.019807 0.879759
# 10 0.020004 0.872102
# 12 0.017049 0.954739
# 12 0.017246 0.950870
# 12 0.017443 0.946630
# 12 0.017640 0.942546
# 12 0.017837 0.936894
# 12 0.018034 0.931834
# 12 0.018231 0.927017
# 12 0.018428 0.920890
# 12 0.018625 0.915059
# 12 0.018822 0.908880
# 12 0.019019 0.901855
# 12 0.019216 0.894524
# 12 0.019413 0.887473
# 12 0.019610 0.879797
# 12 0.019807 0.871930
# 12 0.020004 0.863709
# 14 0.017049 0.959566
# 14 0.017246 0.954847
# 14 0.017443 0.951342
# 14 0.017640 0.945572
# 14 0.017837 0.940158
# 14 0.018034 0.934009
# 14 0.018231 0.928789
# 14 0.018428 0.921765
# 14 0.018625 0.915098
# 14 0.018822 0.907587
# 14 0.019019 0.900268
# 14 0.019216 0.892193
# 14 0.019413 0.883050
# 14 0.019610 0.873624
# 14 0.019807 0.863913
# 14 0.020004 0.853255
!

time_factor=3
precision=844800
time_weight=0.740000
# 10 0.017049 0.949683
# 10 0.017246 0.945646
# 10 0.017443 0.942082
# 10 0.017640 0.937925
# 10 0.017837 0.933905
# 10 0.018034 0.929332
# 10 0.018231 0.924592
# 10 0.018428 0.919483
# 10 0.018625 0.914141
# 10 0.018822 0.909352
# 10 0.019019 0.904593
# 10 0.019216 0.897415
# 10 0.019413 0.891660
# 10 0.019610 0.885657
# 10 0.019807 0.879136
# 10 0.020004 0.872440
# 12 0.017049 0.954700
# 12 0.017246 0.951332
# 12 0.017443 0.946880
# 12 0.017640 0.942005
# 12 0.017837 0.937255
# 12 0.018034 0.932263
# 12 0.018231 0.927221
# 12 0.018428 0.920901
# 12 0.018625 0.914967
# 12 0.018822 0.908463
# 12 0.019019 0.901637
# 12 0.019216 0.894687
# 12 0.019413 0.886733
# 12 0.019610 0.880133
# 12 0.019807 0.872077
# 12 0.020004 0.863814
# 14 0.017049 0.959317
# 14 0.017246 0.954941
# 14 0.017443 0.950729
# 14 0.017640 0.945592
# 14 0.017837 0.940435
# 14 0.018034 0.934781
# 14 0.018231 0.928912
# 14 0.018428 0.922395
# 14 0.018625 0.915266
# 14 0.018822 0.907632
# 14 0.019019 0.900149
# 14 0.019216 0.891933
# 14 0.019413 0.883218
# 14 0.019610 0.873642
# 14 0.019807 0.863364
# 14 0.020004 0.853900
!

time_factor=3
precision=704000
time_weight=0.760000
# 10 0.017049 0.949217
# 10 0.017246 0.945584
# 10 0.017443 0.941585
# 10 0.017640 0.937596
# 10 0.017837 0.933608
# 10 0.018034 0.929202
# 10 0.018231 0.923652
# 10 0.018428 0.919365
# 10 0.018625 0.914474
# 10 0.018822 0.908764
# 10 0.019019 0.903240
# 10 0.019216 0.898210
# 10 0.019413 0.892197
# 10 0.019610 0.886564
# 10 0.019807 0.879761
# 10 0.020004 0.872938
# 12 0.017049 0.954973
# 12 0.017246 0.950601
# 12 0.017443 0.946284
# 12 0.017640 0.941642
# 12 0.017837 0.936859
# 12 0.018034 0.931998
# 12 0.018231 0.926128
# 12 0.018428 0.921124
# 12 0.018625 0.914978
# 12 0.018822 0.908354
# 12 0.019019 0.902223
# 12 0.019216 0.895240
# 12 0.019413 0.887831
# 12 0.019610 0.880406
# 12 0.019807 0.871838
# 12 0.020004 0.864594
# 14 0.017049 0.959368
# 14 0.017246 0.955126
# 14 0.017443 0.950341
# 14 0.017640 0.945432
# 14 0.017837 0.939919
# 14 0.018034 0.934254
# 14 0.018231 0.928177
# 14 0.018428 0.921756
# 14 0.018625 0.914935
# 14 0.018822 0.908071
# 14 0.019019 0.900746
# 14 0.019216 0.892346
# 14 0.019413 0.883557
# 14 0.019610 0.873743
# 14 0.019807 0.865504
# 14 0.020004 0.854297
!

time_factor=3
precision=704000
time_weight=0.780000
# 10 0.017049 0.948643
# 10 0.017246 0.945491
# 10 0.017443 0.941689
# 10 0.017640 0.937483
# 10 0.017837 0.933302
# 10 0.018034 0.929439
# 10 0.018231 0.925018
# 10 0.018428 0.919563
# 10 0.018625 0.914415
# 10 0.018822 0.908648
# 10 0.019019 0.903615
# 10 0.019216 0.897585
# 10 0.019413 0.892320
# 10 0.019610 0.885709
# 10 0.019807 0.879417
# 10 0.020004 0.872457
# 12 0.017049 0.953908
# 12 0.017246 0.950571
# 12 0.017443 0.945959
# 12 0.017640 0.941312
# 12 0.017837 0.936905
# 12 0.018034 0.931959
# 12 0.018231 0.926385
# 12 0.018428 0.920551
# 12 0.018625 0.914910
# 12 0.018822 0.908450
# 12 0.019019 0.901243
# 12 0.019216 0.895276
# 12 0.019413 0.886984
# 12 0.019610 0.880230
# 12 0.019807 0.871791
# 12 0.020004 0.864267
# 14 0.017049 0.958736
# 14 0.017246 0.954371
# 14 0.017443 0.949290
# 14 0.017640 0.945352
# 14 0.017837 0.939372
# 14 0.018034 0.934148
# 14 0.018231 0.928122
# 14 0.018428 0.921349
# 14 0.018625 0.914868
# 14 0.018822 0.907099
# 14 0.019019 0.899622
# 14 0.019216 0.891743
# 14 0.019413 0.883138
# 14 0.019610 0.874037
# 14 0.019807 0.863780
# 14 0.020004 0.854335
!

time_factor=3
precision=563200
time_weight=0.800000
# 10 0.017049 0.949141
# 10 0.017246 0.945353
# 10 0.017443 0.941713
# 10 0.017640 0.937413
# 10 0.017837 0.933899
# 10 0.018034 0.928937
# 10 0.018231 0.924435
# 10 0.018428 0.918496
# 10 0.018625 0.914451
# 10 0.018822 0.908415
# 10 0.019019 0.902852
# 10 0.019216 0.898013
# 10 0.019413 0.891708
# 10 0.019610 0.885261
# 10 0.019807 0.879471
# 10 0.020004 0.873240
# 12 0.017049 0.953929
# 12 0.017246 0.950172
# 12 0.017443 0.946094
# 12 0.017640 0.942078
# 12 0.017837 0.936532
# 12 0.018034 0.931701
# 12 0.018231 0.925691
# 12 0.018428 0.920581
# 12 0.018625 0.914171
# 12 0.018822 0.908164
# 12 0.019019 0.901710
# 12 0.019216 0.894762
# 12 0.019413 0.887555
# 12 0.019610 0.879991
# 12 0.019807 0.871333
# 12 0.020004 0.863562
# 14 0.017049 0.958863
# 14 0.017246 0.953919
# 14 0.017443 0.950099
# 14 0.017640 0.944281
# 14 0.017837 0.939171
# 14 0.018034 0.933824
# 14 0.018231 0.928622
# 14 0.018428 0.921390
# 14 0.018625 0.914336
# 14 0.018822 0.907330
# 14 0.019019 0.899568
# 14 0.019216 0.891099
# 14 0.019413 0.882065
# 14 0.019610 0.873374
# 14 0.019807 0.864004
# 14 0.020004 0.854599
!

