synchronicity=0.800000

time_factor=3
precision=2432000
time_weight=0.820000
# 10 0.021159 0.900981
# 10 0.021341 0.896057
# 10 0.021522 0.890289
# 10 0.021704 0.884275
# 10 0.021886 0.878625
# 10 0.022067 0.872587
# 10 0.022249 0.865865
# 10 0.022431 0.859507
# 10 0.022612 0.852834
# 10 0.022794 0.845482
# 10 0.022976 0.838868
# 10 0.023157 0.830771
# 10 0.023339 0.823675
# 10 0.023521 0.816225
# 10 0.023702 0.808147
# 10 0.023884 0.800131
# 12 0.021159 0.909645
# 12 0.021341 0.903588
# 12 0.021522 0.897152
# 12 0.021704 0.890826
# 12 0.021886 0.883770
# 12 0.022067 0.876306
# 12 0.022249 0.869314
# 12 0.022431 0.861403
# 12 0.022612 0.853265
# 12 0.022794 0.845022
# 12 0.022976 0.836691
# 12 0.023157 0.827250
# 12 0.023339 0.818346
# 12 0.023521 0.809038
# 12 0.023702 0.799245
# 12 0.023884 0.788982
# 14 0.021159 0.917517
# 14 0.021341 0.910787
# 14 0.021522 0.903830
# 14 0.021704 0.896798
# 14 0.021886 0.889114
# 14 0.022067 0.880311
# 14 0.022249 0.872593
# 14 0.022431 0.863001
# 14 0.022612 0.854077
# 14 0.022794 0.844425
# 14 0.022976 0.834119
# 14 0.023157 0.823843
# 14 0.023339 0.813387
# 14 0.023521 0.801900
# 14 0.023702 0.790007
# 14 0.023884 0.778208
!

time_factor=3
precision=2560000
time_weight=0.840000
# 10 0.021159 0.902963
# 10 0.021341 0.897944
# 10 0.021522 0.892517
# 10 0.021704 0.887232
# 10 0.021886 0.881038
# 10 0.022067 0.875350
# 10 0.022249 0.869120
# 10 0.022431 0.862685
# 10 0.022612 0.856405
# 10 0.022794 0.849690
# 10 0.022976 0.843275
# 10 0.023157 0.836129
# 10 0.023339 0.828642
# 10 0.023521 0.820847
# 10 0.023702 0.813281
# 10 0.023884 0.805577
# 12 0.021159 0.911777
# 12 0.021341 0.906071
# 12 0.021522 0.900187
# 12 0.021704 0.893454
# 12 0.021886 0.887026
# 12 0.022067 0.880127
# 12 0.022249 0.873026
# 12 0.022431 0.865917
# 12 0.022612 0.857976
# 12 0.022794 0.850130
# 12 0.022976 0.842080
# 12 0.023157 0.833608
# 12 0.023339 0.824809
# 12 0.023521 0.815508
# 12 0.023702 0.806576
# 12 0.023884 0.796720
# 14 0.021159 0.919844
# 14 0.021341 0.913601
# 14 0.021522 0.906855
# 14 0.021704 0.899823
# 14 0.021886 0.892843
# 14 0.022067 0.885070
# 14 0.022249 0.876860
# 14 0.022431 0.868300
# 14 0.022612 0.859699
# 14 0.022794 0.850948
# 14 0.022976 0.840697
# 14 0.023157 0.830958
# 14 0.023339 0.820542
# 14 0.023521 0.809945
# 14 0.023702 0.799212
# 14 0.023884 0.787528
!

time_factor=3
precision=2560000
time_weight=0.860000
# 10 0.021159 0.903166
# 10 0.021341 0.897977
# 10 0.021522 0.892332
# 10 0.021704 0.886613
# 10 0.021886 0.881318
# 10 0.022067 0.875082
# 10 0.022249 0.869026
# 10 0.022431 0.862552
# 10 0.022612 0.856435
# 10 0.022794 0.849569
# 10 0.022976 0.843221
# 10 0.023157 0.835927
# 10 0.023339 0.828766
# 10 0.023521 0.821358
# 10 0.023702 0.813577
# 10 0.023884 0.806241
# 12 0.021159 0.911694
# 12 0.021341 0.906004
# 12 0.021522 0.900023
# 12 0.021704 0.893672
# 12 0.021886 0.887009
# 12 0.022067 0.880506
# 12 0.022249 0.873510
# 12 0.022431 0.865930
# 12 0.022612 0.858612
# 12 0.022794 0.850040
# 12 0.022976 0.841967
# 12 0.023157 0.833865
# 12 0.023339 0.824791
# 12 0.023521 0.815579
# 12 0.023702 0.806932
# 12 0.023884 0.796980
# 14 0.021159 0.919584
# 14 0.021341 0.913041
# 14 0.021522 0.906603
# 14 0.021704 0.900116
# 14 0.021886 0.892933
# 14 0.022067 0.885064
# 14 0.022249 0.877370
# 14 0.022431 0.868291
# 14 0.022612 0.859598
# 14 0.022794 0.850531
# 14 0.022976 0.841214
# 14 0.023157 0.831068
# 14 0.023339 0.820739
# 14 0.023521 0.810084
# 14 0.023702 0.798948
# 14 0.023884 0.787387
!

time_factor=3
precision=2560000
time_weight=0.880000
# 10 0.021159 0.902948
# 10 0.021341 0.897606
# 10 0.021522 0.892701
# 10 0.021704 0.886967
# 10 0.021886 0.881147
# 10 0.022067 0.875430
# 10 0.022249 0.869107
# 10 0.022431 0.862725
# 10 0.022612 0.855928
# 10 0.022794 0.850060
# 10 0.022976 0.842983
# 10 0.023157 0.836034
# 10 0.023339 0.828753
# 10 0.023521 0.821268
# 10 0.023702 0.813521
# 10 0.023884 0.806222
# 12 0.021159 0.911684
# 12 0.021341 0.906058
# 12 0.021522 0.900070
# 12 0.021704 0.893959
# 12 0.021886 0.887396
# 12 0.022067 0.880137
# 12 0.022249 0.873050
# 12 0.022431 0.865911
# 12 0.022612 0.857989
# 12 0.022794 0.850332
# 12 0.022976 0.842306
# 12 0.023157 0.833536
# 12 0.023339 0.824766
# 12 0.023521 0.815659
# 12 0.023702 0.806830
# 12 0.023884 0.796461
# 14 0.021159 0.919867
# 14 0.021341 0.913359
# 14 0.021522 0.906854
# 14 0.021704 0.899930
# 14 0.021886 0.892680
# 14 0.022067 0.885013
# 14 0.022249 0.877155
# 14 0.022431 0.868474
# 14 0.022612 0.859734
# 14 0.022794 0.850306
# 14 0.022976 0.840646
# 14 0.023157 0.831114
# 14 0.023339 0.820551
# 14 0.023521 0.809545
# 14 0.023702 0.798648
# 14 0.023884 0.787350
!

time_factor=3
precision=2560000
time_weight=0.900000
# 10 0.021159 0.902984
# 10 0.021341 0.898022
# 10 0.021522 0.892732
# 10 0.021704 0.886815
# 10 0.021886 0.881415
# 10 0.022067 0.875385
# 10 0.022249 0.869086
# 10 0.022431 0.862899
# 10 0.022612 0.856290
# 10 0.022794 0.849372
# 10 0.022976 0.842819
# 10 0.023157 0.835922
# 10 0.023339 0.828755
# 10 0.023521 0.821047
# 10 0.023702 0.813568
# 10 0.023884 0.805888
# 12 0.021159 0.911781
# 12 0.021341 0.905803
# 12 0.021522 0.899938
# 12 0.021704 0.893717
# 12 0.021886 0.887224
# 12 0.022067 0.880630
# 12 0.022249 0.873073
# 12 0.022431 0.865892
# 12 0.022612 0.858461
# 12 0.022794 0.850207
# 12 0.022976 0.842401
# 12 0.023157 0.833542
# 12 0.023339 0.824710
# 12 0.023521 0.815863
# 12 0.023702 0.806538
# 12 0.023884 0.797037
# 14 0.021159 0.919611
# 14 0.021341 0.913583
# 14 0.021522 0.907033
# 14 0.021704 0.900032
# 14 0.021886 0.892882
# 14 0.022067 0.885308
# 14 0.022249 0.876885
# 14 0.022431 0.868767
# 14 0.022612 0.859679
# 14 0.022794 0.850625
# 14 0.022976 0.841195
# 14 0.023157 0.830893
# 14 0.023339 0.821269
# 14 0.023521 0.809726
# 14 0.023702 0.799657
# 14 0.023884 0.787523
!

time_factor=3
precision=2432000
time_weight=0.920000
# 10 0.021159 0.903040
# 10 0.021341 0.897569
# 10 0.021522 0.892485
# 10 0.021704 0.887153
# 10 0.021886 0.881574
# 10 0.022067 0.875170
# 10 0.022249 0.868990
# 10 0.022431 0.862776
# 10 0.022612 0.856182
# 10 0.022794 0.850039
# 10 0.022976 0.842489
# 10 0.023157 0.836319
# 10 0.023339 0.828879
# 10 0.023521 0.821181
# 10 0.023702 0.813661
# 10 0.023884 0.805767
# 12 0.021159 0.911832
# 12 0.021341 0.906070
# 12 0.021522 0.899979
# 12 0.021704 0.894045
# 12 0.021886 0.886743
# 12 0.022067 0.880374
# 12 0.022249 0.873255
# 12 0.022431 0.865727
# 12 0.022612 0.857899
# 12 0.022794 0.850494
# 12 0.022976 0.842365
# 12 0.023157 0.833355
# 12 0.023339 0.824796
# 12 0.023521 0.815791
# 12 0.023702 0.806755
# 12 0.023884 0.796480
# 14 0.021159 0.919174
# 14 0.021341 0.913430
# 14 0.021522 0.906665
# 14 0.021704 0.899748
# 14 0.021886 0.892581
# 14 0.022067 0.884765
# 14 0.022249 0.876679
# 14 0.022431 0.868068
# 14 0.022612 0.859787
# 14 0.022794 0.850180
# 14 0.022976 0.841004
# 14 0.023157 0.830801
# 14 0.023339 0.820433
# 14 0.023521 0.810162
# 14 0.023702 0.798633
# 14 0.023884 0.787100
!

time_factor=3
precision=2880000
time_weight=0.940000
# 10 0.021159 0.902056
# 10 0.021341 0.896857
# 10 0.021522 0.891507
# 10 0.021704 0.885576
# 10 0.021886 0.879891
# 10 0.022067 0.874471
# 10 0.022249 0.868035
# 10 0.022431 0.861528
# 10 0.022612 0.854812
# 10 0.022794 0.848106
# 10 0.022976 0.841583
# 10 0.023157 0.834445
# 10 0.023339 0.826718
# 10 0.023521 0.819751
# 10 0.023702 0.812457
# 10 0.023884 0.804376
# 12 0.021159 0.910137
# 12 0.021341 0.904465
# 12 0.021522 0.898322
# 12 0.021704 0.892183
# 12 0.021886 0.885626
# 12 0.022067 0.878910
# 12 0.022249 0.871394
# 12 0.022431 0.864053
# 12 0.022612 0.856179
# 12 0.022794 0.848450
# 12 0.022976 0.839991
# 12 0.023157 0.831295
# 12 0.023339 0.822425
# 12 0.023521 0.813952
# 12 0.023702 0.804478
# 12 0.023884 0.794684
# 14 0.021159 0.917375
# 14 0.021341 0.911403
# 14 0.021522 0.904569
# 14 0.021704 0.897469
# 14 0.021886 0.890499
# 14 0.022067 0.882535
# 14 0.022249 0.874667
# 14 0.022431 0.865999
# 14 0.022612 0.857327
# 14 0.022794 0.848083
# 14 0.022976 0.838465
# 14 0.023157 0.828032
# 14 0.023339 0.817535
# 14 0.023521 0.806814
# 14 0.023702 0.796040
# 14 0.023884 0.784264
!

