synchronicity=0.700000

time_factor=3
precision=422400
time_weight=0.740000
# 10 0.018467 0.937427
# 10 0.018712 0.931416
# 10 0.018958 0.926186
# 10 0.019202 0.920135
# 10 0.019446 0.913691
# 10 0.019692 0.907308
# 10 0.019936 0.900523
# 10 0.020180 0.893362
# 10 0.020425 0.885092
# 10 0.020669 0.877256
# 10 0.020913 0.867701
# 10 0.021159 0.859898
# 10 0.021403 0.849628
# 10 0.021647 0.840076
# 10 0.021892 0.831539
# 10 0.022136 0.821096
# 12 0.018467 0.944313
# 12 0.018712 0.938345
# 12 0.018958 0.932315
# 12 0.019202 0.924822
# 12 0.019446 0.918769
# 12 0.019692 0.910504
# 12 0.019936 0.902467
# 12 0.020180 0.894235
# 12 0.020425 0.884510
# 12 0.020669 0.874266
# 12 0.020913 0.864164
# 12 0.021159 0.854647
# 12 0.021403 0.842722
# 12 0.021647 0.830372
# 12 0.021892 0.818511
# 12 0.022136 0.805464
# 14 0.018467 0.950828
# 14 0.018712 0.944936
# 14 0.018958 0.938030
# 14 0.019202 0.930279
# 14 0.019446 0.921979
# 14 0.019692 0.914650
# 14 0.019936 0.904086
# 14 0.020180 0.894159
# 14 0.020425 0.884401
# 14 0.020669 0.872654
# 14 0.020913 0.860263
# 14 0.021159 0.848052
# 14 0.021403 0.833733
# 14 0.021647 0.820133
# 14 0.021892 0.805279
# 14 0.022136 0.789387
!

time_factor=3
precision=422400
time_weight=0.760000
# 10 0.018467 0.937036
# 10 0.018712 0.931212
# 10 0.018958 0.926269
# 10 0.019202 0.919780
# 10 0.019446 0.913482
# 10 0.019692 0.907074
# 10 0.019936 0.899430
# 10 0.020180 0.893310
# 10 0.020425 0.884181
# 10 0.020669 0.877375
# 10 0.020913 0.868440
# 10 0.021159 0.859361
# 10 0.021403 0.849941
# 10 0.021647 0.840909
# 10 0.021892 0.831975
# 10 0.022136 0.821153
# 12 0.018467 0.943689
# 12 0.018712 0.938385
# 12 0.018958 0.932950
# 12 0.019202 0.925661
# 12 0.019446 0.918421
# 12 0.019692 0.911115
# 12 0.019936 0.902585
# 12 0.020180 0.894337
# 12 0.020425 0.884529
# 12 0.020669 0.875322
# 12 0.020913 0.864896
# 12 0.021159 0.854181
# 12 0.021403 0.842176
# 12 0.021647 0.830767
# 12 0.021892 0.818502
# 12 0.022136 0.806648
# 14 0.018467 0.951177
# 14 0.018712 0.944875
# 14 0.018958 0.938302
# 14 0.019202 0.931323
# 14 0.019446 0.922711
# 14 0.019692 0.914188
# 14 0.019936 0.905802
# 14 0.020180 0.894941
# 14 0.020425 0.884221
# 14 0.020669 0.872675
# 14 0.020913 0.861072
# 14 0.021159 0.847131
# 14 0.021403 0.834150
# 14 0.021647 0.820123
# 14 0.021892 0.805656
# 14 0.022136 0.789342
!

time_factor=3
precision=422400
time_weight=0.780000
# 10 0.018467 0.937503
# 10 0.018712 0.931730
# 10 0.018958 0.926267
# 10 0.019202 0.919929
# 10 0.019446 0.914946
# 10 0.019692 0.908281
# 10 0.019936 0.900710
# 10 0.020180 0.893409
# 10 0.020425 0.886430
# 10 0.020669 0.876657
# 10 0.020913 0.868300
# 10 0.021159 0.860083
# 10 0.021403 0.851357
# 10 0.021647 0.842412
# 10 0.021892 0.832668
# 10 0.022136 0.822524
# 12 0.018467 0.944593
# 12 0.018712 0.938748
# 12 0.018958 0.932327
# 12 0.019202 0.926468
# 12 0.019446 0.918520
# 12 0.019692 0.911183
# 12 0.019936 0.903063
# 12 0.020180 0.894732
# 12 0.020425 0.885724
# 12 0.020669 0.876807
# 12 0.020913 0.866579
# 12 0.021159 0.855585
# 12 0.021403 0.843056
# 12 0.021647 0.831295
# 12 0.021892 0.819462
# 12 0.022136 0.807829
# 14 0.018467 0.951484
# 14 0.018712 0.945601
# 14 0.018958 0.938357
# 14 0.019202 0.931451
# 14 0.019446 0.923428
# 14 0.019692 0.915329
# 14 0.019936 0.906631
# 14 0.020180 0.896906
# 14 0.020425 0.885540
# 14 0.020669 0.875291
# 14 0.020913 0.862744
# 14 0.021159 0.849444
# 14 0.021403 0.836733
# 14 0.021647 0.822349
# 14 0.021892 0.808454
# 14 0.022136 0.793871
!

time_factor=3
precision=704000
time_weight=0.800000
# 10 0.018467 0.936786
# 10 0.018712 0.931493
# 10 0.018958 0.926669
# 10 0.019202 0.920946
# 10 0.019446 0.914131
# 10 0.019692 0.907659
# 10 0.019936 0.900678
# 10 0.020180 0.893559
# 10 0.020425 0.885372
# 10 0.020669 0.877284
# 10 0.020913 0.868943
# 10 0.021159 0.860027
# 10 0.021403 0.851554
# 10 0.021647 0.841496
# 10 0.021892 0.831868
# 10 0.022136 0.821599
# 12 0.018467 0.944919
# 12 0.018712 0.939052
# 12 0.018958 0.932720
# 12 0.019202 0.926364
# 12 0.019446 0.919292
# 12 0.019692 0.911643
# 12 0.019936 0.903661
# 12 0.020180 0.895916
# 12 0.020425 0.885906
# 12 0.020669 0.875864
# 12 0.020913 0.866885
# 12 0.021159 0.855314
# 12 0.021403 0.844018
# 12 0.021647 0.832447
# 12 0.021892 0.820719
# 12 0.022136 0.808925
# 14 0.018467 0.951300
# 14 0.018712 0.944989
# 14 0.018958 0.938500
# 14 0.019202 0.931587
# 14 0.019446 0.923927
# 14 0.019692 0.915398
# 14 0.019936 0.905945
# 14 0.020180 0.896452
# 14 0.020425 0.885159
# 14 0.020669 0.874368
# 14 0.020913 0.863097
# 14 0.021159 0.850030
# 14 0.021403 0.837364
# 14 0.021647 0.823358
# 14 0.021892 0.807446
# 14 0.022136 0.793638
!

time_factor=3
precision=704000
time_weight=0.820000
# 10 0.018467 0.936821
# 10 0.018712 0.931094
# 10 0.018958 0.924997
# 10 0.019202 0.919545
# 10 0.019446 0.913124
# 10 0.019692 0.906679
# 10 0.019936 0.899090
# 10 0.020180 0.892422
# 10 0.020425 0.884618
# 10 0.020669 0.877300
# 10 0.020913 0.867981
# 10 0.021159 0.860247
# 10 0.021403 0.850885
# 10 0.021647 0.841703
# 10 0.021892 0.832459
# 10 0.022136 0.821314
# 12 0.018467 0.943869
# 12 0.018712 0.937683
# 12 0.018958 0.931733
# 12 0.019202 0.925301
# 12 0.019446 0.917753
# 12 0.019692 0.911323
# 12 0.019936 0.902709
# 12 0.020180 0.894256
# 12 0.020425 0.885111
# 12 0.020669 0.875469
# 12 0.020913 0.865334
# 12 0.021159 0.854662
# 12 0.021403 0.844111
# 12 0.021647 0.832119
# 12 0.021892 0.819993
# 12 0.022136 0.807705
# 14 0.018467 0.950325
# 14 0.018712 0.944767
# 14 0.018958 0.937460
# 14 0.019202 0.930740
# 14 0.019446 0.922771
# 14 0.019692 0.913751
# 14 0.019936 0.905199
# 14 0.020180 0.895923
# 14 0.020425 0.884962
# 14 0.020669 0.874513
# 14 0.020913 0.862256
# 14 0.021159 0.849356
# 14 0.021403 0.836182
# 14 0.021647 0.821925
# 14 0.021892 0.807220
# 14 0.022136 0.791852
!

time_factor=3
precision=422400
time_weight=0.840000
# 10 0.018467 0.936470
# 10 0.018712 0.931603
# 10 0.018958 0.925284
# 10 0.019202 0.919735
# 10 0.019446 0.913220
# 10 0.019692 0.906214
# 10 0.019936 0.900734
# 10 0.020180 0.892330
# 10 0.020425 0.884406
# 10 0.020669 0.876953
# 10 0.020913 0.869311
# 10 0.021159 0.859865
# 10 0.021403 0.850964
# 10 0.021647 0.841522
# 10 0.021892 0.830765
# 10 0.022136 0.822942
# 12 0.018467 0.944024
# 12 0.018712 0.937725
# 12 0.018958 0.931655
# 12 0.019202 0.925000
# 12 0.019446 0.918115
# 12 0.019692 0.910433
# 12 0.019936 0.902680
# 12 0.020180 0.893762
# 12 0.020425 0.884647
# 12 0.020669 0.875019
# 12 0.020913 0.866821
# 12 0.021159 0.854434
# 12 0.021403 0.843532
# 12 0.021647 0.832869
# 12 0.021892 0.821061
# 12 0.022136 0.807289
# 14 0.018467 0.950279
# 14 0.018712 0.944572
# 14 0.018958 0.936813
# 14 0.019202 0.931274
# 14 0.019446 0.922524
# 14 0.019692 0.914190
# 14 0.019936 0.905596
# 14 0.020180 0.894879
# 14 0.020425 0.884953
# 14 0.020669 0.873826
# 14 0.020913 0.862287
# 14 0.021159 0.848823
# 14 0.021403 0.835777
# 14 0.021647 0.821975
# 14 0.021892 0.807689
# 14 0.022136 0.791641
!

time_factor=3
precision=422400
time_weight=0.860000
# 10 0.018467 0.936072
# 10 0.018712 0.930833
# 10 0.018958 0.925073
# 10 0.019202 0.918960
# 10 0.019446 0.912472
# 10 0.019692 0.906068
# 10 0.019936 0.898438
# 10 0.020180 0.891359
# 10 0.020425 0.883795
# 10 0.020669 0.875677
# 10 0.020913 0.867543
# 10 0.021159 0.859074
# 10 0.021403 0.849657
# 10 0.021647 0.840824
# 10 0.021892 0.830857
# 10 0.022136 0.820715
# 12 0.018467 0.942869
# 12 0.018712 0.936612
# 12 0.018958 0.930904
# 12 0.019202 0.924046
# 12 0.019446 0.918338
# 12 0.019692 0.909538
# 12 0.019936 0.901326
# 12 0.020180 0.893328
# 12 0.020425 0.883840
# 12 0.020669 0.874020
# 12 0.020913 0.863946
# 12 0.021159 0.853044
# 12 0.021403 0.841577
# 12 0.021647 0.831089
# 12 0.021892 0.818762
# 12 0.022136 0.805675
# 14 0.018467 0.949089
# 14 0.018712 0.943357
# 14 0.018958 0.936075
# 14 0.019202 0.928288
# 14 0.019446 0.920817
# 14 0.019692 0.912254
# 14 0.019936 0.903733
# 14 0.020180 0.893541
# 14 0.020425 0.883565
# 14 0.020669 0.872060
# 14 0.020913 0.859981
# 14 0.021159 0.848423
# 14 0.021403 0.833769
# 14 0.021647 0.819695
# 14 0.021892 0.805573
# 14 0.022136 0.788511
!

