synchronicity=0.500000

time_factor=2
precision=128000
time_weight=0.660000
# 10 0.015478 0.952188
# 10 0.015675 0.949031
# 10 0.015872 0.943867
# 10 0.016069 0.939805
# 10 0.016266 0.935539
# 10 0.016462 0.930937
# 10 0.016659 0.924992
# 10 0.016856 0.919727
# 10 0.017052 0.914180
# 10 0.017249 0.906680
# 10 0.017445 0.901898
# 10 0.017642 0.895406
# 10 0.017838 0.889586
# 10 0.018034 0.883055
# 10 0.018231 0.875039
# 10 0.018427 0.869148
# 12 0.015478 0.957852
# 12 0.015675 0.954000
# 12 0.015872 0.948938
# 12 0.016069 0.944414
# 12 0.016266 0.939445
# 12 0.016462 0.934281
# 12 0.016659 0.929188
# 12 0.016856 0.921461
# 12 0.017052 0.916109
# 12 0.017249 0.908344
# 12 0.017445 0.901422
# 12 0.017642 0.894891
# 12 0.017838 0.884797
# 12 0.018034 0.876484
# 12 0.018231 0.868883
# 12 0.018427 0.859742
# 14 0.015478 0.963469
# 14 0.015675 0.958531
# 14 0.015872 0.953813
# 14 0.016069 0.948047
# 14 0.016266 0.942375
# 14 0.016462 0.937234
# 14 0.016659 0.930641
# 14 0.016856 0.924055
# 14 0.017052 0.917492
# 14 0.017249 0.909031
# 14 0.017445 0.900234
# 14 0.017642 0.891547
# 14 0.017838 0.881094
# 14 0.018034 0.870984
# 14 0.018231 0.859734
# 14 0.018427 0.850875
!

time_factor=2
precision=256000
time_weight=0.680000
# 10 0.015478 0.951793
# 10 0.015675 0.948433
# 10 0.015872 0.944422
# 10 0.016069 0.940211
# 10 0.016266 0.936192
# 10 0.016462 0.931301
# 10 0.016659 0.926078
# 10 0.016856 0.920832
# 10 0.017052 0.915766
# 10 0.017249 0.910059
# 10 0.017445 0.903601
# 10 0.017642 0.897617
# 10 0.017838 0.891507
# 10 0.018034 0.884433
# 10 0.018231 0.878368
# 10 0.018427 0.870246
# 12 0.015478 0.957266
# 12 0.015675 0.953512
# 12 0.015872 0.949343
# 12 0.016069 0.944566
# 12 0.016266 0.940715
# 12 0.016462 0.934929
# 12 0.016659 0.928289
# 12 0.016856 0.922875
# 12 0.017052 0.916348
# 12 0.017249 0.910738
# 12 0.017445 0.902875
# 12 0.017642 0.896586
# 12 0.017838 0.888524
# 12 0.018034 0.879605
# 12 0.018231 0.871059
# 12 0.018427 0.863351
# 14 0.015478 0.963449
# 14 0.015675 0.959047
# 14 0.015872 0.954797
# 14 0.016069 0.949704
# 14 0.016266 0.944262
# 14 0.016462 0.939226
# 14 0.016659 0.932527
# 14 0.016856 0.925176
# 14 0.017052 0.917910
# 14 0.017249 0.910965
# 14 0.017445 0.901867
# 14 0.017642 0.893813
# 14 0.017838 0.884590
# 14 0.018034 0.873938
# 14 0.018231 0.864590
# 14 0.018427 0.853422
!

time_factor=2
precision=256000
time_weight=0.700000
# 10 0.015478 0.951297
# 10 0.015675 0.948609
# 10 0.015872 0.944352
# 10 0.016069 0.939914
# 10 0.016266 0.935113
# 10 0.016462 0.930203
# 10 0.016659 0.926308
# 10 0.016856 0.920801
# 10 0.017052 0.914730
# 10 0.017249 0.909430
# 10 0.017445 0.904047
# 10 0.017642 0.898258
# 10 0.017838 0.890840
# 10 0.018034 0.884387
# 10 0.018231 0.876730
# 10 0.018427 0.870699
# 12 0.015478 0.958012
# 12 0.015675 0.953391
# 12 0.015872 0.949863
# 12 0.016069 0.945024
# 12 0.016266 0.940301
# 12 0.016462 0.934672
# 12 0.016659 0.929438
# 12 0.016856 0.922457
# 12 0.017052 0.916949
# 12 0.017249 0.910035
# 12 0.017445 0.903051
# 12 0.017642 0.896531
# 12 0.017838 0.888711
# 12 0.018034 0.880012
# 12 0.018231 0.871852
# 12 0.018427 0.862109
# 14 0.015478 0.963140
# 14 0.015675 0.958930
# 14 0.015872 0.955020
# 14 0.016069 0.949676
# 14 0.016266 0.944418
# 14 0.016462 0.937851
# 14 0.016659 0.932168
# 14 0.016856 0.925289
# 14 0.017052 0.917894
# 14 0.017249 0.912481
# 14 0.017445 0.902184
# 14 0.017642 0.894348
# 14 0.017838 0.883422
# 14 0.018034 0.874476
# 14 0.018231 0.865515
# 14 0.018427 0.854598
!

time_factor=2
precision=256000
time_weight=0.720000
# 10 0.015478 0.951660
# 10 0.015675 0.947590
# 10 0.015872 0.944012
# 10 0.016069 0.939934
# 10 0.016266 0.935481
# 10 0.016462 0.930093
# 10 0.016659 0.925442
# 10 0.016856 0.921500
# 10 0.017052 0.915078
# 10 0.017249 0.909817
# 10 0.017445 0.904015
# 10 0.017642 0.897516
# 10 0.017838 0.891328
# 10 0.018034 0.885417
# 10 0.018231 0.878488
# 10 0.018427 0.871215
# 12 0.015478 0.958348
# 12 0.015675 0.953809
# 12 0.015872 0.950074
# 12 0.016069 0.943851
# 12 0.016266 0.940046
# 12 0.016462 0.934629
# 12 0.016659 0.928644
# 12 0.016856 0.923492
# 12 0.017052 0.917988
# 12 0.017249 0.910524
# 12 0.017445 0.904074
# 12 0.017642 0.896289
# 12 0.017838 0.889164
# 12 0.018034 0.880078
# 12 0.018231 0.871184
# 12 0.018427 0.861988
# 14 0.015478 0.963148
# 14 0.015675 0.959597
# 14 0.015872 0.954871
# 14 0.016069 0.949512
# 14 0.016266 0.944554
# 14 0.016462 0.938539
# 14 0.016659 0.931269
# 14 0.016856 0.924836
# 14 0.017052 0.918512
# 14 0.017249 0.910961
# 14 0.017445 0.903238
# 14 0.017642 0.895617
# 14 0.017838 0.884699
# 14 0.018034 0.875101
# 14 0.018231 0.864782
# 14 0.018427 0.854793
!

time_factor=2
precision=256000
time_weight=0.740000
# 10 0.015478 0.951582
# 10 0.015675 0.947976
# 10 0.015872 0.943312
# 10 0.016069 0.939395
# 10 0.016266 0.934777
# 10 0.016462 0.930218
# 10 0.016659 0.926082
# 10 0.016856 0.920336
# 10 0.017052 0.914223
# 10 0.017249 0.909656
# 10 0.017445 0.902391
# 10 0.017642 0.897648
# 10 0.017838 0.890192
# 10 0.018034 0.883418
# 10 0.018231 0.876840
# 10 0.018427 0.870144
# 12 0.015478 0.956828
# 12 0.015675 0.953008
# 12 0.015872 0.948566
# 12 0.016069 0.944922
# 12 0.016266 0.939004
# 12 0.016462 0.933824
# 12 0.016659 0.928438
# 12 0.016856 0.922164
# 12 0.017052 0.916184
# 12 0.017249 0.909098
# 12 0.017445 0.901375
# 12 0.017642 0.894426
# 12 0.017838 0.887234
# 12 0.018034 0.879500
# 12 0.018231 0.870113
# 12 0.018427 0.860531
# 14 0.015478 0.961918
# 14 0.015675 0.957762
# 14 0.015872 0.953523
# 14 0.016069 0.948516
# 14 0.016266 0.943098
# 14 0.016462 0.937273
# 14 0.016659 0.930242
# 14 0.016856 0.924149
# 14 0.017052 0.916512
# 14 0.017249 0.908910
# 14 0.017445 0.900734
# 14 0.017642 0.894012
# 14 0.017838 0.883508
# 14 0.018034 0.874633
# 14 0.018231 0.863336
# 14 0.018427 0.853543
!

time_factor=2
precision=256000
time_weight=0.760000
# 10 0.015478 0.950902
# 10 0.015675 0.946570
# 10 0.015872 0.942926
# 10 0.016069 0.938609
# 10 0.016266 0.934738
# 10 0.016462 0.930254
# 10 0.016659 0.924711
# 10 0.016856 0.919766
# 10 0.017052 0.914715
# 10 0.017249 0.908774
# 10 0.017445 0.903070
# 10 0.017642 0.896852
# 10 0.017838 0.889758
# 10 0.018034 0.882414
# 10 0.018231 0.877289
# 10 0.018427 0.869964
# 12 0.015478 0.956512
# 12 0.015675 0.952304
# 12 0.015872 0.948301
# 12 0.016069 0.943469
# 12 0.016266 0.939070
# 12 0.016462 0.933898
# 12 0.016659 0.927489
# 12 0.016856 0.921907
# 12 0.017052 0.915324
# 12 0.017249 0.908739
# 12 0.017445 0.900762
# 12 0.017642 0.895101
# 12 0.017838 0.888172
# 12 0.018034 0.877473
# 12 0.018231 0.869633
# 12 0.018427 0.861539
# 14 0.015478 0.961699
# 14 0.015675 0.956851
# 14 0.015872 0.953941
# 14 0.016069 0.948063
# 14 0.016266 0.942125
# 14 0.016462 0.937332
# 14 0.016659 0.930539
# 14 0.016856 0.923984
# 14 0.017052 0.916063
# 14 0.017249 0.909378
# 14 0.017445 0.901867
# 14 0.017642 0.890941
# 14 0.017838 0.881988
# 14 0.018034 0.873395
# 14 0.018231 0.863332
# 14 0.018427 0.852339
!

time_factor=2
precision=256000
time_weight=0.780000
# 10 0.015478 0.951539
# 10 0.015675 0.947352
# 10 0.015872 0.943008
# 10 0.016069 0.938168
# 10 0.016266 0.933277
# 10 0.016462 0.929312
# 10 0.016659 0.924691
# 10 0.016856 0.919621
# 10 0.017052 0.913961
# 10 0.017249 0.907875
# 10 0.017445 0.902504
# 10 0.017642 0.896086
# 10 0.017838 0.890098
# 10 0.018034 0.883805
# 10 0.018231 0.876441
# 10 0.018427 0.868723
# 12 0.015478 0.956812
# 12 0.015675 0.952301
# 12 0.015872 0.947707
# 12 0.016069 0.942406
# 12 0.016266 0.939113
# 12 0.016462 0.932997
# 12 0.016659 0.928637
# 12 0.016856 0.920929
# 12 0.017052 0.914957
# 12 0.017249 0.908406
# 12 0.017445 0.900640
# 12 0.017642 0.895289
# 12 0.017838 0.885860
# 12 0.018034 0.877891
# 12 0.018231 0.869148
# 12 0.018427 0.860965
# 14 0.015478 0.961109
# 14 0.015675 0.957145
# 14 0.015872 0.953223
# 14 0.016069 0.947668
# 14 0.016266 0.942180
# 14 0.016462 0.936395
# 14 0.016659 0.930133
# 14 0.016856 0.923043
# 14 0.017052 0.914539
# 14 0.017249 0.908582
# 14 0.017445 0.899902
# 14 0.017642 0.891231
# 14 0.017838 0.882383
# 14 0.018034 0.873140
# 14 0.018231 0.863219
# 14 0.018427 0.852062
!

