synchronicity=0.000000

time_factor=3
precision=512000
time_weight=0.440000
# 10 0.012300 0.9176385
# 10 0.012413 0.9136605000000001
# 10 0.012527 0.908469
# 10 0.012640 0.904053
# 10 0.012753 0.8995920000000001
# 10 0.012867 0.8939825
# 10 0.012980 0.8883340000000001
# 10 0.013093 0.883951
# 10 0.013207 0.877932
# 10 0.013320 0.872041
# 10 0.013433 0.8659960000000001
# 10 0.013547 0.859744
# 10 0.013660 0.8535135
# 10 0.013773 0.847797
# 10 0.013887 0.8407445
# 10 0.014000 0.8337265
# 12 0.012300 0.922416
# 12 0.012413 0.9163375000000001
# 12 0.012527 0.9115979999999999
# 12 0.012640 0.9066585
# 12 0.012753 0.9011095
# 12 0.012867 0.8952049999999999
# 12 0.012980 0.8876269999999999
# 12 0.013093 0.881672
# 12 0.013207 0.8769159999999999
# 12 0.013320 0.868502
# 12 0.013433 0.861039
# 12 0.013547 0.8521875
# 12 0.013660 0.8455355000000001
# 12 0.013773 0.838127
# 12 0.013887 0.8299549999999999
# 12 0.014000 0.8212070000000001
# 14 0.012300 0.9266095
# 14 0.012413 0.921115
# 14 0.012527 0.9141035000000001
# 14 0.012640 0.9079980000000001
# 14 0.012753 0.90225
# 14 0.012867 0.8946795
# 14 0.012980 0.8880705
# 14 0.013093 0.8805195
# 14 0.013207 0.8724745
# 14 0.013320 0.8637385
# 14 0.013433 0.855875
# 14 0.013547 0.846557
# 14 0.013660 0.8356855000000001
# 14 0.013773 0.8271795
# 14 0.013887 0.8177225000000001
# 14 0.014000 0.8084390000000001
!

time_factor=3
precision=512000
time_weight=0.460000
# 10 0.012300 0.9199375
# 10 0.012413 0.9162035
# 10 0.012527 0.9116409999999999
# 10 0.012640 0.9069510000000001
# 10 0.012753 0.901779
# 10 0.012867 0.8973614999999999
# 10 0.012980 0.8912635
# 10 0.013093 0.8871365000000001
# 10 0.013207 0.881799
# 10 0.013320 0.8761310000000001
# 10 0.013433 0.870168
# 10 0.013547 0.8648144999999999
# 10 0.013660 0.8581585
# 10 0.013773 0.8522029999999999
# 10 0.013887 0.8450955
# 10 0.014000 0.8381525000000001
# 12 0.012300 0.926098
# 12 0.012413 0.9198419999999999
# 12 0.012527 0.9144045
# 12 0.012640 0.9096424999999999
# 12 0.012753 0.9047895
# 12 0.012867 0.8986565000000001
# 12 0.012980 0.8926855
# 12 0.013093 0.8867364999999999
# 12 0.013207 0.8818005000000001
# 12 0.013320 0.8740370000000001
# 12 0.013433 0.866367
# 12 0.013547 0.8590855000000001
# 12 0.013660 0.851475
# 12 0.013773 0.8443595
# 12 0.013887 0.8351305
# 12 0.014000 0.8279939999999999
# 14 0.012300 0.9297265
# 14 0.012413 0.9247325000000001
# 14 0.012527 0.9186504999999999
# 14 0.012640 0.9130545
# 14 0.012753 0.9061895
# 14 0.012867 0.9004805
# 14 0.012980 0.8936385
# 14 0.013093 0.8863865
# 14 0.013207 0.878041
# 14 0.013320 0.8703885
# 14 0.013433 0.8632185
# 14 0.013547 0.8538554999999999
# 14 0.013660 0.845672
# 14 0.013773 0.8356604999999999
# 14 0.013887 0.8263830000000001
# 14 0.014000 0.8166230000000001
!

time_factor=3
precision=512000
time_weight=0.480000
# 10 0.012300 0.9228535
# 10 0.012413 0.9185160000000001
# 10 0.012527 0.9135154999999999
# 10 0.012640 0.9095115
# 10 0.012753 0.9046894999999999
# 10 0.012867 0.899965
# 10 0.012980 0.8940115000000001
# 10 0.013093 0.889262
# 10 0.013207 0.884658
# 10 0.013320 0.8788025
# 10 0.013433 0.8733205
# 10 0.013547 0.8675565000000001
# 10 0.013660 0.8616055
# 10 0.013773 0.8556895
# 10 0.013887 0.849086
# 10 0.014000 0.8422970000000001
# 12 0.012300 0.9277460000000001
# 12 0.012413 0.9227895
# 12 0.012527 0.917447
# 12 0.012640 0.9128005
# 12 0.012753 0.907664
# 12 0.012867 0.902164
# 12 0.012980 0.895955
# 12 0.013093 0.8895799999999999
# 12 0.013207 0.884162
# 12 0.013320 0.877584
# 12 0.013433 0.871176
# 12 0.013547 0.8634295
# 12 0.013660 0.856299
# 12 0.013773 0.8491735000000001
# 12 0.013887 0.8415779999999999
# 12 0.014000 0.8326935000000001
# 14 0.012300 0.9327150000000001
# 14 0.012413 0.9271404999999999
# 14 0.012527 0.921295
# 14 0.012640 0.9160505000000001
# 14 0.012753 0.9094905
# 14 0.012867 0.904504
# 14 0.012980 0.897
# 14 0.013093 0.890711
# 14 0.013207 0.8828515
# 14 0.013320 0.8751775
# 14 0.013433 0.8677225000000001
# 14 0.013547 0.859383
# 14 0.013660 0.8495254999999999
# 14 0.013773 0.8420509999999999
# 14 0.013887 0.832135
# 14 0.014000 0.8222815
!

time_factor=3
precision=512000
time_weight=0.500000
# 10 0.012300 0.9235525
# 10 0.012413 0.91965
# 10 0.012527 0.91526
# 10 0.012640 0.9098575000000001
# 10 0.012753 0.9062405
# 10 0.012867 0.9015464999999999
# 10 0.012980 0.8967674999999999
# 10 0.013093 0.891666
# 10 0.013207 0.885652
# 10 0.013320 0.8809570000000001
# 10 0.013433 0.8756505
# 10 0.013547 0.8703240000000001
# 10 0.013660 0.8645409999999999
# 10 0.013773 0.858668
# 10 0.013887 0.852047
# 10 0.014000 0.8458045
# 12 0.012300 0.9293475000000001
# 12 0.012413 0.9239005
# 12 0.012527 0.9192365
# 12 0.012640 0.9147205
# 12 0.012753 0.9099235
# 12 0.012867 0.904035
# 12 0.012980 0.8988844999999999
# 12 0.013093 0.8923865
# 12 0.013207 0.887211
# 12 0.013320 0.8799024999999999
# 12 0.013433 0.8740375
# 12 0.013547 0.86575
# 12 0.013660 0.8591289999999999
# 12 0.013773 0.8525699999999999
# 12 0.013887 0.8441605
# 12 0.014000 0.836541
# 14 0.012300 0.9340975000000001
# 14 0.012413 0.9291775
# 14 0.012527 0.923461
# 14 0.012640 0.9174315000000001
# 14 0.012753 0.9123475
# 14 0.012867 0.9060585
# 14 0.012980 0.900652
# 14 0.013093 0.8925235
# 14 0.013207 0.8859784999999999
# 14 0.013320 0.87802
# 14 0.013433 0.87134
# 14 0.013547 0.8625980000000001
# 14 0.013660 0.8545174999999999
# 14 0.013773 0.8450175
# 14 0.013887 0.8369295
# 14 0.014000 0.8271545
!

time_factor=3
precision=2048000
time_weight=0.520000
# 10 0.012300 0.9235352499999999
# 10 0.012413 0.9200501249999999
# 10 0.012527 0.9157362499999999
# 10 0.012640 0.9112938749999998
# 10 0.012753 0.9063396250000001
# 10 0.012867 0.902378125
# 10 0.012980 0.8972899999999999
# 10 0.013093 0.8924980000000001
# 10 0.013207 0.8870942499999999
# 10 0.013320 0.881711
# 10 0.013433 0.87702825
# 10 0.013547 0.8707651250000001
# 10 0.013660 0.8655898749999998
# 10 0.013773 0.8594266249999998
# 10 0.013887 0.853340375
# 10 0.014000 0.8470997499999999
# 12 0.012300 0.9295897500000001
# 12 0.012413 0.9244463750000002
# 12 0.012527 0.920311125
# 12 0.012640 0.9150981250000001
# 12 0.012753 0.9108141249999999
# 12 0.012867 0.9049848750000001
# 12 0.012980 0.8994613749999999
# 12 0.013093 0.8934551249999999
# 12 0.013207 0.887895875
# 12 0.013320 0.881667375
# 12 0.013433 0.8753051250000001
# 12 0.013547 0.8672353750000001
# 12 0.013660 0.8610897500000002
# 12 0.013773 0.854232875
# 12 0.013887 0.8466660000000001
# 12 0.014000 0.8385722499999999
# 14 0.012300 0.9349478750000001
# 14 0.012413 0.9303338749999998
# 14 0.012527 0.924373125
# 14 0.012640 0.9194551249999999
# 14 0.012753 0.9133988749999999
# 14 0.012867 0.9075717499999999
# 14 0.012980 0.9013966250000001
# 14 0.013093 0.8950633750000001
# 14 0.013207 0.88759925
# 14 0.013320 0.879856375
# 14 0.013433 0.8729457499999999
# 14 0.013547 0.8652884999999999
# 14 0.013660 0.8559433750000001
# 14 0.013773 0.84769725
# 14 0.013887 0.83894375
# 14 0.014000 0.830846625
!

time_factor=3
precision=1792000
time_weight=0.540000
# 10 0.012300 0.9235324285714287
# 10 0.012413 0.9200487142857143
# 10 0.012527 0.9153832857142857
# 10 0.012640 0.9114184285714286
# 10 0.012753 0.9068542857142856
# 10 0.012867 0.9024677142857142
# 10 0.012980 0.8977322857142858
# 10 0.013093 0.89326
# 10 0.013207 0.887366
# 10 0.013320 0.8818755714285715
# 10 0.013433 0.8769218571428571
# 10 0.013547 0.8713092857142857
# 10 0.013660 0.865486
# 10 0.013773 0.8601265714285715
# 10 0.013887 0.8539170000000001
# 10 0.014000 0.8481295714285715
# 12 0.012300 0.929342
# 12 0.012413 0.9249654285714287
# 12 0.012527 0.9203070000000001
# 12 0.012640 0.9149252857142857
# 12 0.012753 0.9106807142857143
# 12 0.012867 0.905224857142857
# 12 0.012980 0.8993991428571428
# 12 0.013093 0.8942632857142858
# 12 0.013207 0.8880584285714285
# 12 0.013320 0.8814131428571428
# 12 0.013433 0.8755355714285714
# 12 0.013547 0.8682371428571429
# 12 0.013660 0.8623431428571429
# 12 0.013773 0.8551108571428572
# 12 0.013887 0.8470178571428572
# 12 0.014000 0.8397112857142858
# 14 0.012300 0.934957
# 14 0.012413 0.9300821428571429
# 14 0.012527 0.9242894285714286
# 14 0.012640 0.9192822857142857
# 14 0.012753 0.9135167142857143
# 14 0.012867 0.9080251428571428
# 14 0.012980 0.9021418571428572
# 14 0.013093 0.8950891428571428
# 14 0.013207 0.8883352857142857
# 14 0.013320 0.8804414285714286
# 14 0.013433 0.8730651428571429
# 14 0.013547 0.8651318571428572
# 14 0.013660 0.8568068571428573
# 14 0.013773 0.848669714285714
# 14 0.013887 0.8402275714285714
# 14 0.014000 0.8317177142857145
!

time_factor=3
precision=2048000
time_weight=0.560000
# 10 0.012300 0.9232012500000001
# 10 0.012413 0.9194984999999999
# 10 0.012527 0.9151778749999999
# 10 0.012640 0.91053075
# 10 0.012753 0.9065132499999998
# 10 0.012867 0.902002
# 10 0.012980 0.89705475
# 10 0.013093 0.8923306249999999
# 10 0.013207 0.887131625
# 10 0.013320 0.882007875
# 10 0.013433 0.8760460000000001
# 10 0.013547 0.8709379999999999
# 10 0.013660 0.865126
# 10 0.013773 0.8598158750000001
# 10 0.013887 0.8535497500000001
# 10 0.014000 0.84777
# 12 0.012300 0.929198375
# 12 0.012413 0.9241391250000001
# 12 0.012527 0.9194747500000001
# 12 0.012640 0.91469525
# 12 0.012753 0.9100111250000001
# 12 0.012867 0.9047504999999999
# 12 0.012980 0.8992094999999999
# 12 0.013093 0.89349175
# 12 0.013207 0.8877867500000001
# 12 0.013320 0.8815109999999999
# 12 0.013433 0.875548875
# 12 0.013547 0.8672501250000001
# 12 0.013660 0.8621591250000001
# 12 0.013773 0.854631875
# 12 0.013887 0.8473488749999998
# 12 0.014000 0.8392777499999999
# 14 0.012300 0.9344354999999999
# 14 0.012413 0.9292990000000001
# 14 0.012527 0.9236375
# 14 0.012640 0.9185168750000001
# 14 0.012753 0.913339875
# 14 0.012867 0.907464375
# 14 0.012980 0.90142225
# 14 0.013093 0.8948628750000001
# 14 0.013207 0.88732225
# 14 0.013320 0.8801695
# 14 0.013433 0.8729573749999998
# 14 0.013547 0.8652649999999998
# 14 0.013660 0.8568673750000001
# 14 0.013773 0.8484693749999999
# 14 0.013887 0.839769875
# 14 0.014000 0.8318618750000001
!

time_factor=3
precision=1536000
time_weight=0.580000
# 10 0.012300 0.9221183333333334
# 10 0.012413 0.9184720000000001
# 10 0.012527 0.9136848333333334
# 10 0.012640 0.9101218333333333
# 10 0.012753 0.9050175
# 10 0.012867 0.9013359999999999
# 10 0.012980 0.8956731666666667
# 10 0.013093 0.8917293333333333
# 10 0.013207 0.886302
# 10 0.013320 0.8810741666666666
# 10 0.013433 0.8760326666666667
# 10 0.013547 0.869866
# 10 0.013660 0.8646113333333334
# 10 0.013773 0.8586953333333334
# 10 0.013887 0.8526381666666666
# 10 0.014000 0.8467631666666667
# 12 0.012300 0.9278575000000001
# 12 0.012413 0.9227538333333332
# 12 0.012527 0.9185045000000001
# 12 0.012640 0.9133475
# 12 0.012753 0.9090080000000001
# 12 0.012867 0.9040338333333334
# 12 0.012980 0.8980535
# 12 0.013093 0.8921015000000001
# 12 0.013207 0.8860008333333332
# 12 0.013320 0.8798996666666666
# 12 0.013433 0.8740754999999999
# 12 0.013547 0.8661588333333332
# 12 0.013660 0.8606379999999999
# 12 0.013773 0.8535156666666666
# 12 0.013887 0.8461664999999999
# 12 0.014000 0.8385548333333332
# 14 0.012300 0.9333066666666667
# 14 0.012413 0.9278723333333334
# 14 0.012527 0.9220174999999999
# 14 0.012640 0.9172323333333334
# 14 0.012753 0.9117728333333333
# 14 0.012867 0.9057571666666666
# 14 0.012980 0.9001776666666667
# 14 0.013093 0.8935188333333333
# 14 0.013207 0.8864576666666667
# 14 0.013320 0.8789594999999999
# 14 0.013433 0.8713805000000001
# 14 0.013547 0.8642675000000001
# 14 0.013660 0.8556339999999999
# 14 0.013773 0.8475938333333334
# 14 0.013887 0.8384713333333335
# 14 0.014000 0.8300533333333334
!

time_factor=3
precision=1536000
time_weight=0.600000
# 10 0.012300 0.9207291666666667
# 10 0.012413 0.9168120000000001
# 10 0.012527 0.9125591666666666
# 10 0.012640 0.9086975
# 10 0.012753 0.9039536666666667
# 10 0.012867 0.899216
# 10 0.012980 0.8938678333333332
# 10 0.013093 0.8902231666666667
# 10 0.013207 0.8850618333333333
# 10 0.013320 0.8787323333333333
# 10 0.013433 0.8736231666666667
# 10 0.013547 0.8687578333333332
# 10 0.013660 0.8625158333333333
# 10 0.013773 0.8567746666666667
# 10 0.013887 0.8512135
# 10 0.014000 0.8450188333333334
# 12 0.012300 0.9261231666666667
# 12 0.012413 0.9214928333333332
# 12 0.012527 0.9168838333333333
# 12 0.012640 0.9118631666666667
# 12 0.012753 0.9070896666666666
# 12 0.012867 0.9017166666666667
# 12 0.012980 0.8961745000000001
# 12 0.013093 0.8902636666666667
# 12 0.013207 0.8845199999999999
# 12 0.013320 0.878
# 12 0.013433 0.8721821666666668
# 12 0.013547 0.8640226666666667
# 12 0.013660 0.8586263333333333
# 12 0.013773 0.8516813333333333
# 12 0.013887 0.8439666666666666
# 12 0.014000 0.8356056666666665
# 14 0.012300 0.9316276666666667
# 14 0.012413 0.9264966666666667
# 14 0.012527 0.9207668333333333
# 14 0.012640 0.915849
# 14 0.012753 0.9099516666666665
# 14 0.012867 0.9041248333333335
# 14 0.012980 0.8985846666666668
# 14 0.013093 0.8918443333333334
# 14 0.013207 0.8841760000000001
# 14 0.013320 0.8764663333333335
# 14 0.013433 0.8690736666666666
# 14 0.013547 0.8620020000000002
# 14 0.013660 0.8534536666666667
# 14 0.013773 0.8450645000000001
# 14 0.013887 0.8364081666666667
# 14 0.014000 0.8284249999999999
!

