synchronicity=0.100000

time_factor=2
precision=192000
time_weight=0.500000
# 10 0.011871 0.970562
# 10 0.012086 0.966125
# 10 0.012302 0.963188
# 10 0.012517 0.959302
# 10 0.012732 0.953959
# 10 0.012947 0.949156
# 10 0.013161 0.943417
# 10 0.013376 0.939240
# 10 0.013591 0.932714
# 10 0.013805 0.926651
# 10 0.014020 0.922719
# 10 0.014234 0.912849
# 10 0.014449 0.907344
# 10 0.014663 0.897943
# 10 0.014877 0.890807
# 10 0.015091 0.881588
# 12 0.011871 0.974901
# 12 0.012086 0.971432
# 12 0.012302 0.967458
# 12 0.012517 0.963469
# 12 0.012732 0.958453
# 12 0.012947 0.953354
# 12 0.013161 0.947005
# 12 0.013376 0.941937
# 12 0.013591 0.933865
# 12 0.013805 0.927469
# 12 0.014020 0.919932
# 12 0.014234 0.910745
# 12 0.014449 0.901620
# 12 0.014663 0.892562
# 12 0.014877 0.882557
# 12 0.015091 0.871317
# 14 0.011871 0.978541
# 14 0.012086 0.976156
# 14 0.012302 0.971578
# 14 0.012517 0.967677
# 14 0.012732 0.961917
# 14 0.012947 0.956646
# 14 0.013161 0.949021
# 14 0.013376 0.943703
# 14 0.013591 0.935469
# 14 0.013805 0.926500
# 14 0.014020 0.917744
# 14 0.014234 0.907589
# 14 0.014449 0.897537
# 14 0.014663 0.885771
# 14 0.014877 0.871745
# 14 0.015091 0.860339
!

time_factor=2
precision=192000
time_weight=0.520000
# 10 0.011871 0.970948
# 10 0.012086 0.967208
# 10 0.012302 0.963265
# 10 0.012517 0.958969
# 10 0.012732 0.954511
# 10 0.012947 0.951266
# 10 0.013161 0.945115
# 10 0.013376 0.939651
# 10 0.013591 0.933505
# 10 0.013805 0.928391
# 10 0.014020 0.922567
# 10 0.014234 0.914703
# 10 0.014449 0.907094
# 10 0.014663 0.899901
# 10 0.014877 0.891891
# 10 0.015091 0.883125
# 12 0.011871 0.975005
# 12 0.012086 0.972067
# 12 0.012302 0.968385
# 12 0.012517 0.963615
# 12 0.012732 0.958537
# 12 0.012947 0.953927
# 12 0.013161 0.948646
# 12 0.013376 0.941979
# 12 0.013591 0.935656
# 12 0.013805 0.928625
# 12 0.014020 0.920630
# 12 0.014234 0.912015
# 12 0.014449 0.904193
# 12 0.014663 0.894609
# 12 0.014877 0.884349
# 12 0.015091 0.875583
# 14 0.011871 0.979724
# 14 0.012086 0.976276
# 14 0.012302 0.972141
# 14 0.012517 0.967073
# 14 0.012732 0.962526
# 14 0.012947 0.957552
# 14 0.013161 0.950745
# 14 0.013376 0.943818
# 14 0.013591 0.936625
# 14 0.013805 0.929604
# 14 0.014020 0.918776
# 14 0.014234 0.910922
# 14 0.014449 0.899302
# 14 0.014663 0.887838
# 14 0.014877 0.876740
# 14 0.015091 0.861166
!

time_factor=2
precision=192000
time_weight=0.540000
# 10 0.011871 0.970094
# 10 0.012086 0.967021
# 10 0.012302 0.963240
# 10 0.012517 0.959443
# 10 0.012732 0.955302
# 10 0.012947 0.951068
# 10 0.013161 0.945401
# 10 0.013376 0.940495
# 10 0.013591 0.934677
# 10 0.013805 0.928911
# 10 0.014020 0.922901
# 10 0.014234 0.914891
# 10 0.014449 0.907422
# 10 0.014663 0.901672
# 10 0.014877 0.892594
# 10 0.015091 0.884901
# 12 0.011871 0.975250
# 12 0.012086 0.972370
# 12 0.012302 0.968109
# 12 0.012517 0.963917
# 12 0.012732 0.959479
# 12 0.012947 0.953802
# 12 0.013161 0.948672
# 12 0.013376 0.943276
# 12 0.013591 0.935484
# 12 0.013805 0.929802
# 12 0.014020 0.920953
# 12 0.014234 0.914041
# 12 0.014449 0.904662
# 12 0.014663 0.895886
# 12 0.014877 0.886172
# 12 0.015091 0.874588
# 14 0.011871 0.979989
# 14 0.012086 0.976177
# 14 0.012302 0.972573
# 14 0.012517 0.967729
# 14 0.012732 0.963365
# 14 0.012947 0.957708
# 14 0.013161 0.951656
# 14 0.013376 0.945032
# 14 0.013591 0.937672
# 14 0.013805 0.928396
# 14 0.014020 0.921234
# 14 0.014234 0.911458
# 14 0.014449 0.901422
# 14 0.014663 0.891031
# 14 0.014877 0.877359
# 14 0.015091 0.864781
!

time_factor=2
precision=192000
time_weight=0.560000
# 10 0.011871 0.970417
# 10 0.012086 0.967177
# 10 0.012302 0.962922
# 10 0.012517 0.959609
# 10 0.012732 0.954026
# 10 0.012947 0.950203
# 10 0.013161 0.946656
# 10 0.013376 0.939672
# 10 0.013591 0.935115
# 10 0.013805 0.928943
# 10 0.014020 0.923463
# 10 0.014234 0.915937
# 10 0.014449 0.908396
# 10 0.014663 0.901516
# 10 0.014877 0.892302
# 10 0.015091 0.885916
# 12 0.011871 0.975750
# 12 0.012086 0.972562
# 12 0.012302 0.968510
# 12 0.012517 0.962844
# 12 0.012732 0.959474
# 12 0.012947 0.954630
# 12 0.013161 0.948265
# 12 0.013376 0.944203
# 12 0.013591 0.937349
# 12 0.013805 0.929740
# 12 0.014020 0.921839
# 12 0.014234 0.914344
# 12 0.014449 0.906672
# 12 0.014663 0.896807
# 12 0.014877 0.887390
# 12 0.015091 0.876547
# 14 0.011871 0.979016
# 14 0.012086 0.975969
# 14 0.012302 0.972229
# 14 0.012517 0.967859
# 14 0.012732 0.962886
# 14 0.012947 0.957672
# 14 0.013161 0.951386
# 14 0.013376 0.945542
# 14 0.013591 0.938005
# 14 0.013805 0.931156
# 14 0.014020 0.920448
# 14 0.014234 0.911693
# 14 0.014449 0.902120
# 14 0.014663 0.890261
# 14 0.014877 0.879104
# 14 0.015091 0.864765
!

time_factor=2
precision=192000
time_weight=0.580000
# 10 0.011871 0.969844
# 10 0.012086 0.966890
# 10 0.012302 0.963370
# 10 0.012517 0.958875
# 10 0.012732 0.955802
# 10 0.012947 0.950021
# 10 0.013161 0.944656
# 10 0.013376 0.940859
# 10 0.013591 0.935198
# 10 0.013805 0.928365
# 10 0.014020 0.922469
# 10 0.014234 0.915672
# 10 0.014449 0.908073
# 10 0.014663 0.901771
# 10 0.014877 0.893500
# 10 0.015091 0.884922
# 12 0.011871 0.974646
# 12 0.012086 0.971797
# 12 0.012302 0.968854
# 12 0.012517 0.964135
# 12 0.012732 0.959521
# 12 0.012947 0.953818
# 12 0.013161 0.948990
# 12 0.013376 0.943584
# 12 0.013591 0.935943
# 12 0.013805 0.929771
# 12 0.014020 0.922156
# 12 0.014234 0.914354
# 12 0.014449 0.904885
# 12 0.014663 0.896260
# 12 0.014877 0.887000
# 12 0.015091 0.875542
# 14 0.011871 0.979672
# 14 0.012086 0.974969
# 14 0.012302 0.971781
# 14 0.012517 0.967823
# 14 0.012732 0.963166
# 14 0.012947 0.957693
# 14 0.013161 0.950729
# 14 0.013376 0.945328
# 14 0.013591 0.937136
# 14 0.013805 0.930875
# 14 0.014020 0.920943
# 14 0.014234 0.912271
# 14 0.014449 0.901516
# 14 0.014663 0.890776
# 14 0.014877 0.880104
# 14 0.015091 0.867005
!

time_factor=2
precision=192000
time_weight=0.600000
# 10 0.011871 0.969849
# 10 0.012086 0.966646
# 10 0.012302 0.963068
# 10 0.012517 0.959516
# 10 0.012732 0.955505
# 10 0.012947 0.949542
# 10 0.013161 0.944156
# 10 0.013376 0.939354
# 10 0.013591 0.934234
# 10 0.013805 0.928198
# 10 0.014020 0.922063
# 10 0.014234 0.915651
# 10 0.014449 0.908224
# 10 0.014663 0.900552
# 10 0.014877 0.892849
# 10 0.015091 0.883109
# 12 0.011871 0.974531
# 12 0.012086 0.971682
# 12 0.012302 0.966995
# 12 0.012517 0.963276
# 12 0.012732 0.958099
# 12 0.012947 0.953385
# 12 0.013161 0.947813
# 12 0.013376 0.941854
# 12 0.013591 0.935521
# 12 0.013805 0.929688
# 12 0.014020 0.920937
# 12 0.014234 0.912531
# 12 0.014449 0.905333
# 12 0.014663 0.895854
# 12 0.014877 0.885792
# 12 0.015091 0.876177
# 14 0.011871 0.978620
# 14 0.012086 0.975021
# 14 0.012302 0.971333
# 14 0.012517 0.967349
# 14 0.012732 0.961875
# 14 0.012947 0.956464
# 14 0.013161 0.951240
# 14 0.013376 0.944578
# 14 0.013591 0.936703
# 14 0.013805 0.929604
# 14 0.014020 0.919755
# 14 0.014234 0.911563
# 14 0.014449 0.902735
# 14 0.014663 0.889526
# 14 0.014877 0.877698
# 14 0.015091 0.864469
!

time_factor=2
precision=192000
time_weight=0.620000
# 10 0.011871 0.968917
# 10 0.012086 0.965234
# 10 0.012302 0.961948
# 10 0.012517 0.957443
# 10 0.012732 0.953828
# 10 0.012947 0.949625
# 10 0.013161 0.944688
# 10 0.013376 0.939682
# 10 0.013591 0.933479
# 10 0.013805 0.927229
# 10 0.014020 0.921073
# 10 0.014234 0.914536
# 10 0.014449 0.907516
# 10 0.014663 0.899354
# 10 0.014877 0.891302
# 10 0.015091 0.884042
# 12 0.011871 0.974719
# 12 0.012086 0.969985
# 12 0.012302 0.966437
# 12 0.012517 0.962047
# 12 0.012732 0.957578
# 12 0.012947 0.952839
# 12 0.013161 0.948542
# 12 0.013376 0.941823
# 12 0.013591 0.935172
# 12 0.013805 0.927114
# 12 0.014020 0.920041
# 12 0.014234 0.911562
# 12 0.014449 0.903495
# 12 0.014663 0.894214
# 12 0.014877 0.885276
# 12 0.015091 0.874474
# 14 0.011871 0.977635
# 14 0.012086 0.974036
# 14 0.012302 0.970536
# 14 0.012517 0.966099
# 14 0.012732 0.961281
# 14 0.012947 0.955927
# 14 0.013161 0.949260
# 14 0.013376 0.942422
# 14 0.013591 0.936250
# 14 0.013805 0.927385
# 14 0.014020 0.918542
# 14 0.014234 0.910088
# 14 0.014449 0.899000
# 14 0.014663 0.889755
# 14 0.014877 0.875761
# 14 0.015091 0.865417
!

