synchronicity=0.900000

time_factor=3
precision=320000
time_weight=0.880000
# 10 0.025047 0.846850
# 10 0.025165 0.842112
# 10 0.025283 0.838819
# 10 0.025401 0.833250
# 10 0.025519 0.829038
# 10 0.025636 0.823350
# 10 0.025755 0.819350
# 10 0.025873 0.813725
# 10 0.025990 0.809237
# 10 0.026108 0.803719
# 10 0.026227 0.798447
# 10 0.026344 0.792594
# 10 0.026462 0.787097
# 10 0.026580 0.782994
# 10 0.026697 0.778469
# 10 0.026816 0.772994
# 12 0.025047 0.853566
# 12 0.025165 0.848219
# 12 0.025283 0.842813
# 12 0.025401 0.837544
# 12 0.025519 0.831869
# 12 0.025636 0.826678
# 12 0.025755 0.820425
# 12 0.025873 0.814688
# 12 0.025990 0.808937
# 12 0.026108 0.803159
# 12 0.026227 0.796309
# 12 0.026344 0.790516
# 12 0.026462 0.783762
# 12 0.026580 0.775988
# 12 0.026697 0.771094
# 12 0.026816 0.764072
# 14 0.025047 0.860540
# 14 0.025165 0.855684
# 14 0.025283 0.847516
# 14 0.025401 0.841703
# 14 0.025519 0.835416
# 14 0.025636 0.829837
# 14 0.025755 0.821938
# 14 0.025873 0.816200
# 14 0.025990 0.808856
# 14 0.026108 0.800810
# 14 0.026227 0.793266
# 14 0.026344 0.785306
# 14 0.026462 0.777869
# 14 0.026580 0.772275
# 14 0.026697 0.762322
# 14 0.026816 0.757488
!

time_factor=3
precision=320000
time_weight=0.900000
# 10 0.025047 0.850788
# 10 0.025165 0.845109
# 10 0.025283 0.840853
# 10 0.025401 0.836641
# 10 0.025519 0.831034
# 10 0.025636 0.826538
# 10 0.025755 0.822703
# 10 0.025873 0.817206
# 10 0.025990 0.812137
# 10 0.026108 0.806894
# 10 0.026227 0.801650
# 10 0.026344 0.797069
# 10 0.026462 0.792244
# 10 0.026580 0.787137
# 10 0.026697 0.780887
# 10 0.026816 0.776009
# 12 0.025047 0.857297
# 12 0.025165 0.852153
# 12 0.025283 0.845891
# 12 0.025401 0.841856
# 12 0.025519 0.835960
# 12 0.025636 0.829397
# 12 0.025755 0.826025
# 12 0.025873 0.818734
# 12 0.025990 0.813353
# 12 0.026108 0.806431
# 12 0.026227 0.801384
# 12 0.026344 0.793235
# 12 0.026462 0.788519
# 12 0.026580 0.781928
# 12 0.026697 0.775244
# 12 0.026816 0.768347
# 14 0.025047 0.862578
# 14 0.025165 0.857622
# 14 0.025283 0.852047
# 14 0.025401 0.846369
# 14 0.025519 0.839391
# 14 0.025636 0.831472
# 14 0.025755 0.824709
# 14 0.025873 0.820347
# 14 0.025990 0.813553
# 14 0.026108 0.806119
# 14 0.026227 0.798547
# 14 0.026344 0.790356
# 14 0.026462 0.783647
# 14 0.026580 0.774956
# 14 0.026697 0.767831
# 14 0.026816 0.760853
!

time_factor=3
precision=320000
time_weight=0.920000
# 10 0.025047 0.849716
# 10 0.025165 0.846978
# 10 0.025283 0.840128
# 10 0.025401 0.835625
# 10 0.025519 0.831603
# 10 0.025636 0.826103
# 10 0.025755 0.822319
# 10 0.025873 0.816984
# 10 0.025990 0.813078
# 10 0.026108 0.807387
# 10 0.026227 0.801091
# 10 0.026344 0.796153
# 10 0.026462 0.792422
# 10 0.026580 0.785109
# 10 0.026697 0.780406
# 10 0.026816 0.774431
# 12 0.025047 0.857569
# 12 0.025165 0.852575
# 12 0.025283 0.847084
# 12 0.025401 0.840181
# 12 0.025519 0.834906
# 12 0.025636 0.829722
# 12 0.025755 0.825097
# 12 0.025873 0.818669
# 12 0.025990 0.813116
# 12 0.026108 0.806809
# 12 0.026227 0.800941
# 12 0.026344 0.793809
# 12 0.026462 0.788125
# 12 0.026580 0.780797
# 12 0.026697 0.774600
# 12 0.026816 0.768216
# 14 0.025047 0.863984
# 14 0.025165 0.857484
# 14 0.025283 0.853116
# 14 0.025401 0.844537
# 14 0.025519 0.839244
# 14 0.025636 0.832894
# 14 0.025755 0.827331
# 14 0.025873 0.820569
# 14 0.025990 0.812181
# 14 0.026108 0.805597
# 14 0.026227 0.797203
# 14 0.026344 0.790953
# 14 0.026462 0.785259
# 14 0.026580 0.777100
# 14 0.026697 0.768988
# 14 0.026816 0.760375
!

time_factor=3
precision=320000
time_weight=0.940000
# 10 0.025047 0.849078
# 10 0.025165 0.845269
# 10 0.025283 0.840647
# 10 0.025401 0.836753
# 10 0.025519 0.831928
# 10 0.025636 0.826969
# 10 0.025755 0.823056
# 10 0.025873 0.817666
# 10 0.025990 0.812087
# 10 0.026108 0.807144
# 10 0.026227 0.801850
# 10 0.026344 0.796566
# 10 0.026462 0.792703
# 10 0.026580 0.787081
# 10 0.026697 0.780437
# 10 0.026816 0.774694
# 12 0.025047 0.856744
# 12 0.025165 0.852200
# 12 0.025283 0.847206
# 12 0.025401 0.841666
# 12 0.025519 0.835628
# 12 0.025636 0.828953
# 12 0.025755 0.824669
# 12 0.025873 0.818800
# 12 0.025990 0.813128
# 12 0.026108 0.806134
# 12 0.026227 0.800953
# 12 0.026344 0.794115
# 12 0.026462 0.788484
# 12 0.026580 0.782447
# 12 0.026697 0.774344
# 12 0.026816 0.767653
# 14 0.025047 0.861944
# 14 0.025165 0.857619
# 14 0.025283 0.851440
# 14 0.025401 0.845475
# 14 0.025519 0.839209
# 14 0.025636 0.833050
# 14 0.025755 0.827406
# 14 0.025873 0.819644
# 14 0.025990 0.812887
# 14 0.026108 0.807562
# 14 0.026227 0.798288
# 14 0.026344 0.791131
# 14 0.026462 0.784031
# 14 0.026580 0.776153
# 14 0.026697 0.768369
# 14 0.026816 0.758306
!

time_factor=3
precision=320000
time_weight=0.960000
# 10 0.025047 0.849412
# 10 0.025165 0.844066
# 10 0.025283 0.839650
# 10 0.025401 0.834603
# 10 0.025519 0.829222
# 10 0.025636 0.824803
# 10 0.025755 0.820531
# 10 0.025873 0.814838
# 10 0.025990 0.811503
# 10 0.026108 0.806128
# 10 0.026227 0.800653
# 10 0.026344 0.794919
# 10 0.026462 0.790150
# 10 0.026580 0.785366
# 10 0.026697 0.780644
# 10 0.026816 0.772275
# 12 0.025047 0.854897
# 12 0.025165 0.850253
# 12 0.025283 0.844825
# 12 0.025401 0.839169
# 12 0.025519 0.833441
# 12 0.025636 0.828172
# 12 0.025755 0.821475
# 12 0.025873 0.817594
# 12 0.025990 0.810609
# 12 0.026108 0.804366
# 12 0.026227 0.798750
# 12 0.026344 0.791872
# 12 0.026462 0.784481
# 12 0.026580 0.780034
# 12 0.026697 0.773291
# 12 0.026816 0.764940
# 14 0.025047 0.861894
# 14 0.025165 0.854772
# 14 0.025283 0.848775
# 14 0.025401 0.843344
# 14 0.025519 0.836353
# 14 0.025636 0.831025
# 14 0.025755 0.824328
# 14 0.025873 0.817938
# 14 0.025990 0.811056
# 14 0.026108 0.802553
# 14 0.026227 0.795050
# 14 0.026344 0.788862
# 14 0.026462 0.780960
# 14 0.026580 0.773600
# 14 0.026697 0.766219
# 14 0.026816 0.758394
!

time_factor=3
precision=256000
time_weight=0.980000
# 10 0.025047 0.849039
# 10 0.025165 0.843360
# 10 0.025283 0.839637
# 10 0.025401 0.834309
# 10 0.025519 0.830621
# 10 0.025636 0.825000
# 10 0.025755 0.820949
# 10 0.025873 0.815598
# 10 0.025990 0.811082
# 10 0.026108 0.806082
# 10 0.026227 0.800121
# 10 0.026344 0.796516
# 10 0.026462 0.791297
# 10 0.026580 0.785437
# 10 0.026697 0.780457
# 10 0.026816 0.774527
# 12 0.025047 0.854886
# 12 0.025165 0.850886
# 12 0.025283 0.844445
# 12 0.025401 0.839735
# 12 0.025519 0.832418
# 12 0.025636 0.827910
# 12 0.025755 0.823047
# 12 0.025873 0.816558
# 12 0.025990 0.808863
# 12 0.026108 0.805929
# 12 0.026227 0.799176
# 12 0.026344 0.791906
# 12 0.026462 0.786344
# 12 0.026580 0.779520
# 12 0.026697 0.773215
# 12 0.026816 0.765793
# 14 0.025047 0.861730
# 14 0.025165 0.855207
# 14 0.025283 0.848461
# 14 0.025401 0.842973
# 14 0.025519 0.838383
# 14 0.025636 0.830391
# 14 0.025755 0.823133
# 14 0.025873 0.817149
# 14 0.025990 0.811074
# 14 0.026108 0.802195
# 14 0.026227 0.793547
# 14 0.026344 0.787133
# 14 0.026462 0.779078
# 14 0.026580 0.773941
# 14 0.026697 0.764887
# 14 0.026816 0.757328
!

