synchronicity=0.200000

time_factor=2
precision=256000
time_weight=0.540000
# 10 0.012866 0.961824
# 10 0.013061 0.958360
# 10 0.013257 0.953918
# 10 0.013453 0.950207
# 10 0.013648 0.945520
# 10 0.013844 0.941094
# 10 0.014040 0.935399
# 10 0.014235 0.931246
# 10 0.014430 0.924813
# 10 0.014626 0.918715
# 10 0.014821 0.913707
# 10 0.015016 0.905848
# 10 0.015211 0.898570
# 10 0.015407 0.892746
# 10 0.015602 0.884133
# 10 0.015797 0.878051
# 12 0.012866 0.967125
# 12 0.013061 0.962207
# 12 0.013257 0.958325
# 12 0.013453 0.953883
# 12 0.013648 0.949352
# 12 0.013844 0.942406
# 12 0.014040 0.937492
# 12 0.014235 0.932207
# 12 0.014430 0.924980
# 12 0.014626 0.918445
# 12 0.014821 0.910195
# 12 0.015016 0.903551
# 12 0.015211 0.895250
# 12 0.015407 0.885234
# 12 0.015602 0.876278
# 12 0.015797 0.866801
# 14 0.012866 0.970836
# 14 0.013061 0.967344
# 14 0.013257 0.962773
# 14 0.013453 0.957847
# 14 0.013648 0.952488
# 14 0.013844 0.946273
# 14 0.014040 0.939949
# 14 0.014235 0.932793
# 14 0.014430 0.924586
# 14 0.014626 0.916836
# 14 0.014821 0.908840
# 14 0.015016 0.898594
# 14 0.015211 0.889047
# 14 0.015407 0.877679
# 14 0.015602 0.866765
# 14 0.015797 0.854879
!

time_factor=2
precision=256000
time_weight=0.560000
# 10 0.012866 0.962176
# 10 0.013061 0.958078
# 10 0.013257 0.954434
# 10 0.013453 0.950320
# 10 0.013648 0.946684
# 10 0.013844 0.941492
# 10 0.014040 0.936410
# 10 0.014235 0.932266
# 10 0.014430 0.925867
# 10 0.014626 0.919625
# 10 0.014821 0.913988
# 10 0.015016 0.907348
# 10 0.015211 0.900926
# 10 0.015407 0.894019
# 10 0.015602 0.886867
# 10 0.015797 0.879121
# 12 0.012866 0.966890
# 12 0.013061 0.963082
# 12 0.013257 0.959313
# 12 0.013453 0.954574
# 12 0.013648 0.949758
# 12 0.013844 0.944926
# 12 0.014040 0.939008
# 12 0.014235 0.933039
# 12 0.014430 0.925886
# 12 0.014626 0.919664
# 12 0.014821 0.912644
# 12 0.015016 0.904644
# 12 0.015211 0.896394
# 12 0.015407 0.888973
# 12 0.015602 0.879297
# 12 0.015797 0.869137
# 14 0.012866 0.971500
# 14 0.013061 0.967313
# 14 0.013257 0.962562
# 14 0.013453 0.958426
# 14 0.013648 0.953430
# 14 0.013844 0.947387
# 14 0.014040 0.941191
# 14 0.014235 0.934461
# 14 0.014430 0.927277
# 14 0.014626 0.918785
# 14 0.014821 0.910082
# 14 0.015016 0.900680
# 14 0.015211 0.890785
# 14 0.015407 0.880969
# 14 0.015602 0.869781
# 14 0.015797 0.857305
!

time_factor=2
precision=256000
time_weight=0.580000
# 10 0.012866 0.961074
# 10 0.013061 0.957656
# 10 0.013257 0.955578
# 10 0.013453 0.950293
# 10 0.013648 0.946183
# 10 0.013844 0.941492
# 10 0.014040 0.936402
# 10 0.014235 0.931660
# 10 0.014430 0.926184
# 10 0.014626 0.920414
# 10 0.014821 0.914535
# 10 0.015016 0.907172
# 10 0.015211 0.902598
# 10 0.015407 0.895899
# 10 0.015602 0.887711
# 10 0.015797 0.879488
# 12 0.012866 0.966797
# 12 0.013061 0.962902
# 12 0.013257 0.959012
# 12 0.013453 0.954449
# 12 0.013648 0.949898
# 12 0.013844 0.944953
# 12 0.014040 0.939754
# 12 0.014235 0.933172
# 12 0.014430 0.925699
# 12 0.014626 0.919699
# 12 0.014821 0.912484
# 12 0.015016 0.905598
# 12 0.015211 0.896582
# 12 0.015407 0.888496
# 12 0.015602 0.879477
# 12 0.015797 0.869543
# 14 0.012866 0.971332
# 14 0.013061 0.966895
# 14 0.013257 0.963808
# 14 0.013453 0.958406
# 14 0.013648 0.952942
# 14 0.013844 0.948371
# 14 0.014040 0.941172
# 14 0.014235 0.934902
# 14 0.014430 0.927535
# 14 0.014626 0.919070
# 14 0.014821 0.911285
# 14 0.015016 0.901836
# 14 0.015211 0.891680
# 14 0.015407 0.880891
# 14 0.015602 0.871019
# 14 0.015797 0.858695
!

time_factor=2
precision=512000
time_weight=0.600000
# 10 0.012866 0.961729
# 10 0.013061 0.957746
# 10 0.013257 0.954459
# 10 0.013453 0.950305
# 10 0.013648 0.945467
# 10 0.013844 0.941438
# 10 0.014040 0.936478
# 10 0.014235 0.931303
# 10 0.014430 0.926699
# 10 0.014626 0.919955
# 10 0.014821 0.914598
# 10 0.015016 0.907707
# 10 0.015211 0.901330
# 10 0.015407 0.894778
# 10 0.015602 0.887270
# 10 0.015797 0.880584
# 12 0.012866 0.966664
# 12 0.013061 0.962938
# 12 0.013257 0.958740
# 12 0.013453 0.954430
# 12 0.013648 0.949637
# 12 0.013844 0.944268
# 12 0.014040 0.938485
# 12 0.014235 0.932580
# 12 0.014430 0.926539
# 12 0.014626 0.919092
# 12 0.014821 0.913035
# 12 0.015016 0.905160
# 12 0.015211 0.897377
# 12 0.015407 0.888748
# 12 0.015602 0.880297
# 12 0.015797 0.870531
# 14 0.012866 0.971064
# 14 0.013061 0.966926
# 14 0.013257 0.962502
# 14 0.013453 0.958537
# 14 0.013648 0.953055
# 14 0.013844 0.947480
# 14 0.014040 0.940270
# 14 0.014235 0.934912
# 14 0.014430 0.927287
# 14 0.014626 0.919060
# 14 0.014821 0.911373
# 14 0.015016 0.902508
# 14 0.015211 0.892238
# 14 0.015407 0.882490
# 14 0.015602 0.871531
# 14 0.015797 0.859879
!

time_factor=2
precision=256000
time_weight=0.620000
# 10 0.012866 0.961383
# 10 0.013061 0.957344
# 10 0.013257 0.954703
# 10 0.013453 0.949852
# 10 0.013648 0.946078
# 10 0.013844 0.941024
# 10 0.014040 0.937051
# 10 0.014235 0.930039
# 10 0.014430 0.925605
# 10 0.014626 0.919758
# 10 0.014821 0.914707
# 10 0.015016 0.908754
# 10 0.015211 0.901609
# 10 0.015407 0.895449
# 10 0.015602 0.886586
# 10 0.015797 0.879054
# 12 0.012866 0.966476
# 12 0.013061 0.962637
# 12 0.013257 0.958222
# 12 0.013453 0.954277
# 12 0.013648 0.949121
# 12 0.013844 0.944543
# 12 0.014040 0.939340
# 12 0.014235 0.932539
# 12 0.014430 0.925395
# 12 0.014626 0.919074
# 12 0.014821 0.913168
# 12 0.015016 0.905664
# 12 0.015211 0.896676
# 12 0.015407 0.888031
# 12 0.015602 0.879641
# 12 0.015797 0.870895
# 14 0.012866 0.970344
# 14 0.013061 0.966922
# 14 0.013257 0.962250
# 14 0.013453 0.958016
# 14 0.013648 0.953356
# 14 0.013844 0.947512
# 14 0.014040 0.941043
# 14 0.014235 0.934203
# 14 0.014430 0.926520
# 14 0.014626 0.919223
# 14 0.014821 0.910625
# 14 0.015016 0.901934
# 14 0.015211 0.891617
# 14 0.015407 0.882195
# 14 0.015602 0.869988
# 14 0.015797 0.858625
!

time_factor=2
precision=256000
time_weight=0.640000
# 10 0.012866 0.960895
# 10 0.013061 0.956758
# 10 0.013257 0.952676
# 10 0.013453 0.949285
# 10 0.013648 0.943594
# 10 0.013844 0.940031
# 10 0.014040 0.935125
# 10 0.014235 0.929766
# 10 0.014430 0.924629
# 10 0.014626 0.918664
# 10 0.014821 0.913168
# 10 0.015016 0.906914
# 10 0.015211 0.900926
# 10 0.015407 0.892789
# 10 0.015602 0.886789
# 10 0.015797 0.879504
# 12 0.012866 0.965344
# 12 0.013061 0.961480
# 12 0.013257 0.957117
# 12 0.013453 0.952731
# 12 0.013648 0.948875
# 12 0.013844 0.943262
# 12 0.014040 0.936832
# 12 0.014235 0.931242
# 12 0.014430 0.925129
# 12 0.014626 0.918414
# 12 0.014821 0.911824
# 12 0.015016 0.903465
# 12 0.015211 0.894535
# 12 0.015407 0.887500
# 12 0.015602 0.878969
# 12 0.015797 0.870777
# 14 0.012866 0.969797
# 14 0.013061 0.966684
# 14 0.013257 0.961555
# 14 0.013453 0.956781
# 14 0.013648 0.952215
# 14 0.013844 0.946273
# 14 0.014040 0.939926
# 14 0.014235 0.932273
# 14 0.014430 0.925797
# 14 0.014626 0.916254
# 14 0.014821 0.909508
# 14 0.015016 0.899743
# 14 0.015211 0.891265
# 14 0.015407 0.880426
# 14 0.015602 0.869895
# 14 0.015797 0.857086
!

time_factor=2
precision=256000
time_weight=0.660000
# 10 0.012866 0.960617
# 10 0.013061 0.956707
# 10 0.013257 0.953434
# 10 0.013453 0.948539
# 10 0.013648 0.944289
# 10 0.013844 0.939024
# 10 0.014040 0.935258
# 10 0.014235 0.929629
# 10 0.014430 0.924180
# 10 0.014626 0.919293
# 10 0.014821 0.913215
# 10 0.015016 0.906477
# 10 0.015211 0.899199
# 10 0.015407 0.891891
# 10 0.015602 0.885574
# 10 0.015797 0.877789
# 12 0.012866 0.964938
# 12 0.013061 0.960957
# 12 0.013257 0.957020
# 12 0.013453 0.953071
# 12 0.013648 0.947527
# 12 0.013844 0.943105
# 12 0.014040 0.936562
# 12 0.014235 0.930707
# 12 0.014430 0.924484
# 12 0.014626 0.918933
# 12 0.014821 0.910297
# 12 0.015016 0.903387
# 12 0.015211 0.895422
# 12 0.015407 0.886297
# 12 0.015602 0.877590
# 12 0.015797 0.867899
# 14 0.012866 0.968973
# 14 0.013061 0.965367
# 14 0.013257 0.959754
# 14 0.013453 0.955703
# 14 0.013648 0.950079
# 14 0.013844 0.945601
# 14 0.014040 0.939226
# 14 0.014235 0.931683
# 14 0.014430 0.924105
# 14 0.014626 0.915473
# 14 0.014821 0.908343
# 14 0.015016 0.898356
# 14 0.015211 0.889250
# 14 0.015407 0.879394
# 14 0.015602 0.868363
# 14 0.015797 0.856961
!

