synchronicity=0.400000

time_factor=2
precision=217600
time_weight=0.620000
# 10 0.014620 0.953102
# 10 0.014816 0.948052
# 10 0.015013 0.943708
# 10 0.015209 0.939449
# 10 0.015405 0.935276
# 10 0.015601 0.929991
# 10 0.015798 0.925308
# 10 0.015994 0.919003
# 10 0.016190 0.914752
# 10 0.016386 0.907519
# 10 0.016582 0.902045
# 10 0.016778 0.896034
# 10 0.016974 0.887312
# 10 0.017170 0.880818
# 10 0.017366 0.872891
# 10 0.017561 0.864908
# 12 0.014620 0.957844
# 12 0.014816 0.953530
# 12 0.015013 0.949132
# 12 0.015209 0.944219
# 12 0.015405 0.938268
# 12 0.015601 0.932821
# 12 0.015798 0.926898
# 12 0.015994 0.920681
# 12 0.016190 0.913938
# 12 0.016386 0.907293
# 12 0.016582 0.898552
# 12 0.016778 0.890979
# 12 0.016974 0.882785
# 12 0.017170 0.872381
# 12 0.017366 0.864803
# 12 0.017561 0.853893
# 14 0.014620 0.962013
# 14 0.014816 0.958612
# 14 0.015013 0.954132
# 14 0.015209 0.947905
# 14 0.015405 0.941893
# 14 0.015601 0.935496
# 14 0.015798 0.928662
# 14 0.015994 0.920257
# 14 0.016190 0.911779
# 14 0.016386 0.903455
# 14 0.016582 0.896466
# 14 0.016778 0.886875
# 14 0.016974 0.876517
# 14 0.017170 0.864440
# 14 0.017366 0.853300
# 14 0.017561 0.843327
!

time_factor=2
precision=217600
time_weight=0.640000
# 10 0.014620 0.953355
# 10 0.014816 0.949081
# 10 0.015013 0.944770
# 10 0.015209 0.940671
# 10 0.015405 0.935721
# 10 0.015601 0.930910
# 10 0.015798 0.925883
# 10 0.015994 0.920666
# 10 0.016190 0.914890
# 10 0.016386 0.908240
# 10 0.016582 0.903272
# 10 0.016778 0.896099
# 10 0.016974 0.888515
# 10 0.017170 0.881572
# 10 0.017366 0.874802
# 10 0.017561 0.867578
# 12 0.014620 0.958497
# 12 0.014816 0.953842
# 12 0.015013 0.949678
# 12 0.015209 0.944825
# 12 0.015405 0.940128
# 12 0.015601 0.933442
# 12 0.015798 0.928474
# 12 0.015994 0.921839
# 12 0.016190 0.914701
# 12 0.016386 0.908336
# 12 0.016582 0.900321
# 12 0.016778 0.892744
# 12 0.016974 0.884003
# 12 0.017170 0.875367
# 12 0.017366 0.867224
# 12 0.017561 0.857142
# 14 0.014620 0.962744
# 14 0.014816 0.958483
# 14 0.015013 0.954508
# 14 0.015209 0.948029
# 14 0.015405 0.942550
# 14 0.015601 0.937444
# 14 0.015798 0.930303
# 14 0.015994 0.922794
# 14 0.016190 0.914513
# 14 0.016386 0.906374
# 14 0.016582 0.898465
# 14 0.016778 0.888879
# 14 0.016974 0.880230
# 14 0.017170 0.869136
# 14 0.017366 0.856719
# 14 0.017561 0.846718
!

time_factor=2
precision=217600
time_weight=0.660000
# 10 0.014620 0.951806
# 10 0.014816 0.948227
# 10 0.015013 0.944651
# 10 0.015209 0.940413
# 10 0.015405 0.935740
# 10 0.015601 0.931167
# 10 0.015798 0.926218
# 10 0.015994 0.920883
# 10 0.016190 0.914270
# 10 0.016386 0.910088
# 10 0.016582 0.902366
# 10 0.016778 0.895023
# 10 0.016974 0.888745
# 10 0.017170 0.883567
# 10 0.017366 0.874651
# 10 0.017561 0.868033
# 12 0.014620 0.957698
# 12 0.014816 0.954136
# 12 0.015013 0.949435
# 12 0.015209 0.944582
# 12 0.015405 0.939577
# 12 0.015601 0.934343
# 12 0.015798 0.927978
# 12 0.015994 0.922463
# 12 0.016190 0.915933
# 12 0.016386 0.908088
# 12 0.016582 0.899462
# 12 0.016778 0.892316
# 12 0.016974 0.883189
# 12 0.017170 0.874136
# 12 0.017366 0.868547
# 12 0.017561 0.857119
# 14 0.014620 0.962822
# 14 0.014816 0.958483
# 14 0.015013 0.953846
# 14 0.015209 0.948782
# 14 0.015405 0.943020
# 14 0.015601 0.936701
# 14 0.015798 0.930593
# 14 0.015994 0.923235
# 14 0.016190 0.914476
# 14 0.016386 0.907459
# 14 0.016582 0.898580
# 14 0.016778 0.889425
# 14 0.016974 0.879614
# 14 0.017170 0.869255
# 14 0.017366 0.856852
# 14 0.017561 0.846227
!

time_factor=2
precision=217600
time_weight=0.680000
# 10 0.014620 0.952307
# 10 0.014816 0.948023
# 10 0.015013 0.944072
# 10 0.015209 0.940533
# 10 0.015405 0.934853
# 10 0.015601 0.930464
# 10 0.015798 0.924546
# 10 0.015994 0.919899
# 10 0.016190 0.914315
# 10 0.016386 0.908957
# 10 0.016582 0.901640
# 10 0.016778 0.896029
# 10 0.016974 0.889031
# 10 0.017170 0.882055
# 10 0.017366 0.874954
# 10 0.017561 0.867142
# 12 0.014620 0.957137
# 12 0.014816 0.953690
# 12 0.015013 0.949154
# 12 0.015209 0.944246
# 12 0.015405 0.938741
# 12 0.015601 0.933579
# 12 0.015798 0.927946
# 12 0.015994 0.921613
# 12 0.016190 0.915060
# 12 0.016386 0.905864
# 12 0.016582 0.899458
# 12 0.016778 0.892556
# 12 0.016974 0.884412
# 12 0.017170 0.875418
# 12 0.017366 0.864876
# 12 0.017561 0.858125
# 14 0.014620 0.961765
# 14 0.014816 0.957896
# 14 0.015013 0.953019
# 14 0.015209 0.948718
# 14 0.015405 0.942403
# 14 0.015601 0.936443
# 14 0.015798 0.930023
# 14 0.015994 0.922666
# 14 0.016190 0.914678
# 14 0.016386 0.906443
# 14 0.016582 0.897808
# 14 0.016778 0.889242
# 14 0.016974 0.878575
# 14 0.017170 0.868782
# 14 0.017366 0.858332
# 14 0.017561 0.846406
!

time_factor=2
precision=217600
time_weight=0.700000
# 10 0.014620 0.952689
# 10 0.014816 0.947064
# 10 0.015013 0.943681
# 10 0.015209 0.940198
# 10 0.015405 0.935993
# 10 0.015601 0.930652
# 10 0.015798 0.925436
# 10 0.015994 0.919936
# 10 0.016190 0.915413
# 10 0.016386 0.908759
# 10 0.016582 0.901650
# 10 0.016778 0.896392
# 10 0.016974 0.888892
# 10 0.017170 0.881820
# 10 0.017366 0.873700
# 10 0.017561 0.867146
# 12 0.014620 0.957661
# 12 0.014816 0.954049
# 12 0.015013 0.949274
# 12 0.015209 0.943869
# 12 0.015405 0.939100
# 12 0.015601 0.933152
# 12 0.015798 0.926769
# 12 0.015994 0.921079
# 12 0.016190 0.914775
# 12 0.016386 0.907762
# 12 0.016582 0.900321
# 12 0.016778 0.891227
# 12 0.016974 0.884918
# 12 0.017170 0.877119
# 12 0.017366 0.865248
# 12 0.017561 0.857059
# 14 0.014620 0.962776
# 14 0.014816 0.957560
# 14 0.015013 0.952959
# 14 0.015209 0.948419
# 14 0.015405 0.941379
# 14 0.015601 0.935303
# 14 0.015798 0.929431
# 14 0.015994 0.922670
# 14 0.016190 0.913677
# 14 0.016386 0.906089
# 14 0.016582 0.898185
# 14 0.016778 0.889356
# 14 0.016974 0.879642
# 14 0.017170 0.868598
# 14 0.017366 0.858337
# 14 0.017561 0.844931
!

time_factor=2
precision=544000
time_weight=0.720000
# 10 0.014620 0.949329
# 10 0.014816 0.945546
# 10 0.015013 0.941743
# 10 0.015209 0.936772
# 10 0.015405 0.931914
# 10 0.015601 0.927834
# 10 0.015798 0.922384
# 10 0.015994 0.916586
# 10 0.016190 0.911004
# 10 0.016386 0.904834
# 10 0.016582 0.898686
# 10 0.016778 0.892732
# 10 0.016974 0.885253
# 10 0.017170 0.877994
# 10 0.017366 0.870761
# 10 0.017561 0.863632
# 12 0.014620 0.954853
# 12 0.014816 0.950897
# 12 0.015013 0.945335
# 12 0.015209 0.941002
# 12 0.015405 0.934952
# 12 0.015601 0.929845
# 12 0.015798 0.923787
# 12 0.015994 0.917833
# 12 0.016190 0.910285
# 12 0.016386 0.903210
# 12 0.016582 0.896526
# 12 0.016778 0.888844
# 12 0.016974 0.879538
# 12 0.017170 0.870513
# 12 0.017366 0.861537
# 12 0.017561 0.852904
# 14 0.014620 0.959548
# 14 0.014816 0.955002
# 14 0.015013 0.949669
# 14 0.015209 0.944452
# 14 0.015405 0.938395
# 14 0.015601 0.932160
# 14 0.015798 0.925360
# 14 0.015994 0.918360
# 14 0.016190 0.910963
# 14 0.016386 0.901296
# 14 0.016582 0.893476
# 14 0.016778 0.883316
# 14 0.016974 0.873938
# 14 0.017170 0.863375
# 14 0.017366 0.852757
# 14 0.017561 0.842042
!

time_factor=2
precision=761600
time_weight=0.740000
# 10 0.014620 0.949169
# 10 0.014816 0.945158
# 10 0.015013 0.941057
# 10 0.015209 0.936345
# 10 0.015405 0.931938
# 10 0.015601 0.927056
# 10 0.015798 0.922063
# 10 0.015994 0.916922
# 10 0.016190 0.911427
# 10 0.016386 0.904660
# 10 0.016582 0.898473
# 10 0.016778 0.892337
# 10 0.016974 0.884952
# 10 0.017170 0.878589
# 10 0.017366 0.871044
# 10 0.017561 0.863159
# 12 0.014620 0.954693
# 12 0.014816 0.950411
# 12 0.015013 0.945600
# 12 0.015209 0.940786
# 12 0.015405 0.935758
# 12 0.015601 0.930193
# 12 0.015798 0.923963
# 12 0.015994 0.917265
# 12 0.016190 0.910437
# 12 0.016386 0.903156
# 12 0.016582 0.895903
# 12 0.016778 0.888276
# 12 0.016974 0.880144
# 12 0.017170 0.871413
# 12 0.017366 0.862182
# 12 0.017561 0.852823
# 14 0.014620 0.959552
# 14 0.014816 0.954816
# 14 0.015013 0.950223
# 14 0.015209 0.945020
# 14 0.015405 0.938171
# 14 0.015601 0.931966
# 14 0.015798 0.925477
# 14 0.015994 0.918267
# 14 0.016190 0.910748
# 14 0.016386 0.902043
# 14 0.016582 0.893300
# 14 0.016778 0.883889
# 14 0.016974 0.874121
# 14 0.017170 0.863713
# 14 0.017366 0.852445
# 14 0.017561 0.841674
!


