time_factor=2
precision=320000
time_weight=1.000000
synchronicity=1.000000
# 10 0.028000 0.943097
# 10 0.028200 0.940012
# 10 0.028400 0.936444
# 10 0.028600 0.933219
# 10 0.028800 0.931425
# 10 0.029000 0.928109
# 10 0.029200 0.923791
# 10 0.029400 0.921222
# 10 0.029600 0.916484
# 10 0.029800 0.913259
# 10 0.030000 0.909700
# 10 0.030200 0.904909
# 10 0.030400 0.900831
# 10 0.030600 0.896178
# 10 0.030800 0.891744
# 10 0.031000 0.886997
# 12 0.028000 0.946534
# 12 0.028200 0.944128
# 12 0.028400 0.940272
# 12 0.028600 0.936128
# 12 0.028800 0.932984
# 12 0.029000 0.928275
# 12 0.029200 0.924922
# 12 0.029400 0.920300
# 12 0.029600 0.916337
# 12 0.029800 0.910487
# 12 0.030000 0.906637
# 12 0.030200 0.900584
# 12 0.030400 0.895559
# 12 0.030600 0.889916
# 12 0.030800 0.884400
# 12 0.031000 0.879059
# 14 0.028000 0.950669
# 14 0.028200 0.946831
# 14 0.028400 0.942962
# 14 0.028600 0.939631
# 14 0.028800 0.935050
# 14 0.029000 0.930109
# 14 0.029200 0.925303
# 14 0.029400 0.920619
# 14 0.029600 0.914744
# 14 0.029800 0.909359
# 14 0.030000 0.903059
# 14 0.030200 0.897369
# 14 0.030400 0.890344
# 14 0.030600 0.884700
# 14 0.030800 0.878484
# 14 0.031000 0.870544
!

time_factor=2
precision=576000
time_weight=0.920000
synchronicity=0.900000
# 10 0.024605 0.914566
# 10 0.024752 0.911677
# 10 0.024900 0.907531
# 10 0.025047 0.904828
# 10 0.025194 0.900452
# 10 0.025342 0.896729
# 10 0.025489 0.892790
# 10 0.025636 0.888906
# 10 0.025784 0.885769
# 10 0.025931 0.881024
# 10 0.026078 0.876424
# 10 0.026227 0.872182
# 10 0.026374 0.867500
# 10 0.026520 0.862564
# 10 0.026669 0.858134
# 10 0.026816 0.853981
# 12 0.024605 0.920931
# 12 0.024752 0.917759
# 12 0.024900 0.913033
# 12 0.025047 0.909101
# 12 0.025194 0.904608
# 12 0.025342 0.900658
# 12 0.025489 0.895870
# 12 0.025636 0.891920
# 12 0.025784 0.887089
# 12 0.025931 0.881811
# 12 0.026078 0.875592
# 12 0.026227 0.871071
# 12 0.026374 0.865945
# 12 0.026520 0.859734
# 12 0.026669 0.854802
# 12 0.026816 0.848122
# 14 0.024605 0.926240
# 14 0.024752 0.922889
# 14 0.024900 0.917870
# 14 0.025047 0.913140
# 14 0.025194 0.908389
# 14 0.025342 0.903805
# 14 0.025489 0.897550
# 14 0.025636 0.893545
# 14 0.025784 0.887354
# 14 0.025931 0.881438
# 14 0.026078 0.875918
# 14 0.026227 0.870535
# 14 0.026374 0.863240
# 14 0.026520 0.856212
# 14 0.026669 0.849986
# 14 0.026816 0.843512
!

time_factor=2
precision=384000
time_weight=0.860000
synchronicity=0.800000
# 10 0.020911 0.927255
# 10 0.021109 0.922464
# 10 0.021308 0.918096
# 10 0.021506 0.912365
# 10 0.021704 0.908737
# 10 0.021902 0.902502
# 10 0.022101 0.897271
# 10 0.022299 0.892307
# 10 0.022497 0.886211
# 10 0.022695 0.880463
# 10 0.022893 0.874219
# 10 0.023091 0.867573
# 10 0.023289 0.861894
# 10 0.023488 0.855713
# 10 0.023686 0.848218
# 10 0.023884 0.841901
# 12 0.020911 0.934362
# 12 0.021109 0.930523
# 12 0.021308 0.924920
# 12 0.021506 0.919287
# 12 0.021704 0.914229
# 12 0.021902 0.907349
# 12 0.022101 0.901711
# 12 0.022299 0.895180
# 12 0.022497 0.888205
# 12 0.022695 0.882787
# 12 0.022893 0.874503
# 12 0.023091 0.866761
# 12 0.023289 0.859458
# 12 0.023488 0.850821
# 12 0.023686 0.841341
# 12 0.023884 0.833391
# 14 0.020911 0.941464
# 14 0.021109 0.936148
# 14 0.021308 0.931133
# 14 0.021506 0.924802
# 14 0.021704 0.918891
# 14 0.021902 0.912760
# 14 0.022101 0.906192
# 14 0.022299 0.899752
# 14 0.022497 0.892146
# 14 0.022695 0.882605
# 14 0.022893 0.874016
# 14 0.023091 0.864818
# 14 0.023289 0.856031
# 14 0.023488 0.845383
# 14 0.023686 0.836445
# 14 0.023884 0.825104
!

time_factor=3
precision=422400
time_weight=0.820000
synchronicity=0.700000
# 10 0.018467 0.936899
# 10 0.018712 0.931068
# 10 0.018958 0.924837
# 10 0.019202 0.919299
# 10 0.019446 0.912820
# 10 0.019692 0.906922
# 10 0.019936 0.898606
# 10 0.020180 0.892931
# 10 0.020425 0.883783
# 10 0.020669 0.877356
# 10 0.020913 0.868082
# 10 0.021159 0.859879
# 10 0.021403 0.850769
# 10 0.021647 0.841193
# 10 0.021892 0.832240
# 10 0.022136 0.820815
# 12 0.018467 0.943939
# 12 0.018712 0.937841
# 12 0.018958 0.931818
# 12 0.019202 0.925241
# 12 0.019446 0.917611
# 12 0.019692 0.911463
# 12 0.019936 0.902604
# 12 0.020180 0.894313
# 12 0.020425 0.884650
# 12 0.020669 0.875997
# 12 0.020913 0.865395
# 12 0.021159 0.854683
# 12 0.021403 0.844008
# 12 0.021647 0.832062
# 12 0.021892 0.819522
# 12 0.022136 0.807256
# 14 0.018467 0.950507
# 14 0.018712 0.944628
# 14 0.018958 0.937493
# 14 0.019202 0.931162
# 14 0.019446 0.922677
# 14 0.019692 0.913733
# 14 0.019936 0.905509
# 14 0.020180 0.895845
# 14 0.020425 0.885620
# 14 0.020669 0.874344
# 14 0.020913 0.861856
# 14 0.021159 0.849287
# 14 0.021403 0.836001
# 14 0.021647 0.822462
# 14 0.021892 0.806949
# 14 0.022136 0.791906
!

time_factor=3
precision=422400
time_weight=0.760000
synchronicity=0.600000
# 10 0.017049 0.949740
# 10 0.017246 0.945429
# 10 0.017443 0.941911
# 10 0.017640 0.937457
# 10 0.017837 0.933239
# 10 0.018034 0.929567
# 10 0.018231 0.923617
# 10 0.018428 0.919465
# 10 0.018625 0.914185
# 10 0.018822 0.908890
# 10 0.019019 0.902943
# 10 0.019216 0.897869
# 10 0.019413 0.892000
# 10 0.019610 0.886527
# 10 0.019807 0.879406
# 10 0.020004 0.872306
# 12 0.017049 0.955116
# 12 0.017246 0.950904
# 12 0.017443 0.946392
# 12 0.017640 0.941598
# 12 0.017837 0.936631
# 12 0.018034 0.931934
# 12 0.018231 0.926101
# 12 0.018428 0.921248
# 12 0.018625 0.915052
# 12 0.018822 0.907966
# 12 0.019019 0.901856
# 12 0.019216 0.895144
# 12 0.019413 0.887914
# 12 0.019610 0.880514
# 12 0.019807 0.872100
# 12 0.020004 0.864598
# 14 0.017049 0.959415
# 14 0.017246 0.955573
# 14 0.017443 0.950005
# 14 0.017640 0.945201
# 14 0.017837 0.939860
# 14 0.018034 0.934249
# 14 0.018231 0.927895
# 14 0.018428 0.921570
# 14 0.018625 0.915021
# 14 0.018822 0.908243
# 14 0.019019 0.900890
# 14 0.019216 0.892436
# 14 0.019413 0.883790
# 14 0.019610 0.873816
# 14 0.019807 0.865803
# 14 0.020004 0.854077
!

time_factor=2
precision=256000
time_weight=0.700000
synchronicity=0.500000
# 10 0.015478 0.951297
# 10 0.015675 0.948609
# 10 0.015872 0.944352
# 10 0.016069 0.939914
# 10 0.016266 0.935113
# 10 0.016462 0.930203
# 10 0.016659 0.926308
# 10 0.016856 0.920801
# 10 0.017052 0.914730
# 10 0.017249 0.909430
# 10 0.017445 0.904047
# 10 0.017642 0.898258
# 10 0.017838 0.890840
# 10 0.018034 0.884387
# 10 0.018231 0.876730
# 10 0.018427 0.870699
# 12 0.015478 0.958012
# 12 0.015675 0.953391
# 12 0.015872 0.949863
# 12 0.016069 0.945024
# 12 0.016266 0.940301
# 12 0.016462 0.934672
# 12 0.016659 0.929438
# 12 0.016856 0.922457
# 12 0.017052 0.916949
# 12 0.017249 0.910035
# 12 0.017445 0.903051
# 12 0.017642 0.896531
# 12 0.017838 0.888711
# 12 0.018034 0.880012
# 12 0.018231 0.871852
# 12 0.018427 0.862109
# 14 0.015478 0.963140
# 14 0.015675 0.958930
# 14 0.015872 0.955020
# 14 0.016069 0.949676
# 14 0.016266 0.944418
# 14 0.016462 0.937851
# 14 0.016659 0.932168
# 14 0.016856 0.925289
# 14 0.017052 0.917894
# 14 0.017249 0.912481
# 14 0.017445 0.902184
# 14 0.017642 0.894348
# 14 0.017838 0.883422
# 14 0.018034 0.874476
# 14 0.018231 0.865515
# 14 0.018427 0.854598
!

time_factor=2
precision=217600
time_weight=0.660000
synchronicity=0.400000
# 10 0.014620 0.951806
# 10 0.014816 0.948227
# 10 0.015013 0.944651
# 10 0.015209 0.940413
# 10 0.015405 0.935740
# 10 0.015601 0.931167
# 10 0.015798 0.926218
# 10 0.015994 0.920883
# 10 0.016190 0.914270
# 10 0.016386 0.910088
# 10 0.016582 0.902366
# 10 0.016778 0.895023
# 10 0.016974 0.888745
# 10 0.017170 0.883567
# 10 0.017366 0.874651
# 10 0.017561 0.868033
# 12 0.014620 0.957698
# 12 0.014816 0.954136
# 12 0.015013 0.949435
# 12 0.015209 0.944582
# 12 0.015405 0.939577
# 12 0.015601 0.934343
# 12 0.015798 0.927978
# 12 0.015994 0.922463
# 12 0.016190 0.915933
# 12 0.016386 0.908088
# 12 0.016582 0.899462
# 12 0.016778 0.892316
# 12 0.016974 0.883189
# 12 0.017170 0.874136
# 12 0.017366 0.868547
# 12 0.017561 0.857119
# 14 0.014620 0.962822
# 14 0.014816 0.958483
# 14 0.015013 0.953846
# 14 0.015209 0.948782
# 14 0.015405 0.943020
# 14 0.015601 0.936701
# 14 0.015798 0.930593
# 14 0.015994 0.923235
# 14 0.016190 0.914476
# 14 0.016386 0.907459
# 14 0.016582 0.898580
# 14 0.016778 0.889425
# 14 0.016974 0.879614
# 14 0.017170 0.869255
# 14 0.017366 0.856852
# 14 0.017561 0.846227
!

time_factor=6
precision=288000
time_weight=0.620000
synchronicity=0.300000
# 10 0.013209 0.970229
# 10 0.013448 0.966670
# 10 0.013690 0.963048
# 10 0.013929 0.959684
# 10 0.014167 0.954337
# 10 0.014409 0.949986
# 10 0.014647 0.944136
# 10 0.014886 0.940358
# 10 0.015127 0.933646
# 10 0.015365 0.928684
# 10 0.015603 0.922239
# 10 0.015844 0.914423
# 10 0.016082 0.908430
# 10 0.016320 0.898951
# 10 0.016561 0.892156
# 10 0.016799 0.882670
# 12 0.013209 0.975281
# 12 0.013448 0.971622
# 12 0.013690 0.968115
# 12 0.013929 0.962917
# 12 0.014167 0.958837
# 12 0.014409 0.953021
# 12 0.014647 0.948222
# 12 0.014886 0.941754
# 12 0.015127 0.935063
# 12 0.015365 0.927545
# 12 0.015603 0.920778
# 12 0.015844 0.912396
# 12 0.016082 0.902806
# 12 0.016320 0.893660
# 12 0.016561 0.884094
# 12 0.016799 0.872264
# 14 0.013209 0.978771
# 14 0.013448 0.975392
# 14 0.013690 0.971410
# 14 0.013929 0.966879
# 14 0.014167 0.962118
# 14 0.014409 0.955642
# 14 0.014647 0.950347
# 14 0.014886 0.944024
# 14 0.015127 0.936816
# 14 0.015365 0.927448
# 14 0.015603 0.918500
# 14 0.015844 0.908910
# 14 0.016082 0.898070
# 14 0.016320 0.885535
# 14 0.016561 0.874618
# 14 0.016799 0.861604
!

time_factor=2
precision=512000
time_weight=0.600000
synchronicity=0.200000
# 10 0.012866 0.961729
# 10 0.013061 0.957746
# 10 0.013257 0.954459
# 10 0.013453 0.950305
# 10 0.013648 0.945467
# 10 0.013844 0.941438
# 10 0.014040 0.936478
# 10 0.014235 0.931303
# 10 0.014430 0.926699
# 10 0.014626 0.919955
# 10 0.014821 0.914598
# 10 0.015016 0.907707
# 10 0.015211 0.901330
# 10 0.015407 0.894778
# 10 0.015602 0.887270
# 10 0.015797 0.880584
# 12 0.012866 0.966664
# 12 0.013061 0.962938
# 12 0.013257 0.958740
# 12 0.013453 0.954430
# 12 0.013648 0.949637
# 12 0.013844 0.944268
# 12 0.014040 0.938485
# 12 0.014235 0.932580
# 12 0.014430 0.926539
# 12 0.014626 0.919092
# 12 0.014821 0.913035
# 12 0.015016 0.905160
# 12 0.015211 0.897377
# 12 0.015407 0.888748
# 12 0.015602 0.880297
# 12 0.015797 0.870531
# 14 0.012866 0.971064
# 14 0.013061 0.966926
# 14 0.013257 0.962502
# 14 0.013453 0.958537
# 14 0.013648 0.953055
# 14 0.013844 0.947480
# 14 0.014040 0.940270
# 14 0.014235 0.934912
# 14 0.014430 0.927287
# 14 0.014626 0.919060
# 14 0.014821 0.911373
# 14 0.015016 0.902508
# 14 0.015211 0.892238
# 14 0.015407 0.882490
# 14 0.015602 0.871531
# 14 0.015797 0.859879
!

time_factor=2
precision=192000
time_weight=0.580000
synchronicity=0.100000
# 10 0.011871 0.969844
# 10 0.012086 0.966890
# 10 0.012302 0.963370
# 10 0.012517 0.958875
# 10 0.012732 0.955802
# 10 0.012947 0.950021
# 10 0.013161 0.944656
# 10 0.013376 0.940859
# 10 0.013591 0.935198
# 10 0.013805 0.928365
# 10 0.014020 0.922469
# 10 0.014234 0.915672
# 10 0.014449 0.908073
# 10 0.014663 0.901771
# 10 0.014877 0.893500
# 10 0.015091 0.884922
# 12 0.011871 0.974646
# 12 0.012086 0.971797
# 12 0.012302 0.968854
# 12 0.012517 0.964135
# 12 0.012732 0.959521
# 12 0.012947 0.953818
# 12 0.013161 0.948990
# 12 0.013376 0.943584
# 12 0.013591 0.935943
# 12 0.013805 0.929771
# 12 0.014020 0.922156
# 12 0.014234 0.914354
# 12 0.014449 0.904885
# 12 0.014663 0.896260
# 12 0.014877 0.887000
# 12 0.015091 0.875542
# 14 0.011871 0.979672
# 14 0.012086 0.974969
# 14 0.012302 0.971781
# 14 0.012517 0.967823
# 14 0.012732 0.963166
# 14 0.012947 0.957693
# 14 0.013161 0.950729
# 14 0.013376 0.945328
# 14 0.013591 0.937136
# 14 0.013805 0.930875
# 14 0.014020 0.920943
# 14 0.014234 0.912271
# 14 0.014449 0.901516
# 14 0.014663 0.890776
# 14 0.014877 0.880104
# 14 0.015091 0.867005
!

time_factor=3
precision=2048000
time_weight=0.560000
synchronicity=0.000000
# 10 0.012300 0.923201
# 10 0.012413 0.919498
# 10 0.012527 0.915178
# 10 0.012640 0.910531
# 10 0.012753 0.906513
# 10 0.012867 0.902002
# 10 0.012980 0.897055
# 10 0.013093 0.892331
# 10 0.013207 0.887132
# 10 0.013320 0.882008
# 10 0.013433 0.876046
# 10 0.013547 0.870938
# 10 0.013660 0.865126
# 10 0.013773 0.859816
# 10 0.013887 0.853550
# 10 0.014000 0.847770
# 12 0.012300 0.929198
# 12 0.012413 0.924139
# 12 0.012527 0.919475
# 12 0.012640 0.914695
# 12 0.012753 0.910011
# 12 0.012867 0.904750
# 12 0.012980 0.899209
# 12 0.013093 0.893492
# 12 0.013207 0.887787
# 12 0.013320 0.881511
# 12 0.013433 0.875549
# 12 0.013547 0.867250
# 12 0.013660 0.862159
# 12 0.013773 0.854632
# 12 0.013887 0.847349
# 12 0.014000 0.839278
# 14 0.012300 0.934435
# 14 0.012413 0.929299
# 14 0.012527 0.923638
# 14 0.012640 0.918517
# 14 0.012753 0.913340
# 14 0.012867 0.907464
# 14 0.012980 0.901422
# 14 0.013093 0.894863
# 14 0.013207 0.887322
# 14 0.013320 0.880170
# 14 0.013433 0.872957
# 14 0.013547 0.865265
# 14 0.013660 0.856867
# 14 0.013773 0.848469
# 14 0.013887 0.839770
# 14 0.014000 0.831862
!

