synchronicity=0.800000
time_factor=2

precision=256000
tau=1.000000
# 10 0.023388 0.904610
# 10 0.023488 0.899563
# 10 0.023587 0.898171
# 10 0.023686 0.895714
# 10 0.023785 0.892973
# 10 0.023884 0.889289
# 10 0.023983 0.887320
# 10 0.024082 0.884402
# 10 0.024181 0.881485
# 10 0.024280 0.878066
# 10 0.024379 0.875000
# 10 0.024478 0.871183
# 10 0.024577 0.869532
# 10 0.024676 0.867054
# 10 0.024775 0.861668
# 10 0.024874 0.859313
# 12 0.023388 0.908480
# 12 0.023488 0.904235
# 12 0.023587 0.901215
# 12 0.023686 0.898301
# 12 0.023785 0.894516
# 12 0.023884 0.893062
# 12 0.023983 0.888926
# 12 0.024082 0.885074
# 12 0.024181 0.881137
# 12 0.024280 0.877234
# 12 0.024379 0.873726
# 12 0.024478 0.870832
# 12 0.024577 0.867301
# 12 0.024676 0.863879
# 12 0.024775 0.859503
# 12 0.024874 0.854137
# 14 0.023388 0.911027
# 14 0.023488 0.906820
# 14 0.023587 0.903719
# 14 0.023686 0.900766
# 14 0.023785 0.895918
# 14 0.023884 0.894086
# 14 0.023983 0.888527
# 14 0.024082 0.885571
# 14 0.024181 0.881532
# 14 0.024280 0.877582
# 14 0.024379 0.874074
# 14 0.024478 0.868879
# 14 0.024577 0.863968
# 14 0.024676 0.859969
# 14 0.024775 0.854515
# 14 0.024874 0.849973
!

precision=256000
tau=1.100000
# 10 0.023388 0.905164
# 10 0.023488 0.900019
# 10 0.023587 0.898660
# 10 0.023686 0.896250
# 10 0.023785 0.894094
# 10 0.023884 0.889891
# 10 0.023983 0.887875
# 10 0.024082 0.884879
# 10 0.024181 0.882082
# 10 0.024280 0.878550
# 10 0.024379 0.875683
# 10 0.024478 0.871902
# 10 0.024577 0.870007
# 10 0.024676 0.867910
# 10 0.024775 0.862262
# 10 0.024874 0.860004
# 12 0.023388 0.908852
# 12 0.023488 0.904753
# 12 0.023587 0.901535
# 12 0.023686 0.898949
# 12 0.023785 0.895390
# 12 0.023884 0.893809
# 12 0.023983 0.889652
# 12 0.024082 0.885824
# 12 0.024181 0.881785
# 12 0.024280 0.877926
# 12 0.024379 0.874922
# 12 0.024478 0.871769
# 12 0.024577 0.868004
# 12 0.024676 0.864726
# 12 0.024775 0.860320
# 12 0.024874 0.855398
# 14 0.023388 0.911734
# 14 0.023488 0.907390
# 14 0.023587 0.904324
# 14 0.023686 0.901465
# 14 0.023785 0.897000
# 14 0.023884 0.894750
# 14 0.023983 0.889477
# 14 0.024082 0.886441
# 14 0.024181 0.882551
# 14 0.024280 0.878355
# 14 0.024379 0.875184
# 14 0.024478 0.870007
# 14 0.024577 0.864921
# 14 0.024676 0.861175
# 14 0.024775 0.855211
# 14 0.024874 0.850949
!

precision=256000
tau=1.200000
# 10 0.023388 0.905082
# 10 0.023488 0.899629
# 10 0.023587 0.898207
# 10 0.023686 0.896301
# 10 0.023785 0.893617
# 10 0.023884 0.889879
# 10 0.023983 0.887629
# 10 0.024082 0.884699
# 10 0.024181 0.882363
# 10 0.024280 0.878593
# 10 0.024379 0.875727
# 10 0.024478 0.871605
# 10 0.024577 0.870191
# 10 0.024676 0.867507
# 10 0.024775 0.861816
# 10 0.024874 0.859645
# 12 0.023388 0.908653
# 12 0.023488 0.904679
# 12 0.023587 0.901613
# 12 0.023686 0.899132
# 12 0.023785 0.895199
# 12 0.023884 0.893946
# 12 0.023983 0.889781
# 12 0.024082 0.885649
# 12 0.024181 0.882512
# 12 0.024280 0.877926
# 12 0.024379 0.875071
# 12 0.024478 0.871660
# 12 0.024577 0.868414
# 12 0.024676 0.864605
# 12 0.024775 0.860097
# 12 0.024874 0.855297
# 14 0.023388 0.911973
# 14 0.023488 0.907593
# 14 0.023587 0.904516
# 14 0.023686 0.901321
# 14 0.023785 0.897098
# 14 0.023884 0.894828
# 14 0.023983 0.889312
# 14 0.024082 0.886605
# 14 0.024181 0.882969
# 14 0.024280 0.878726
# 14 0.024379 0.875610
# 14 0.024478 0.869946
# 14 0.024577 0.865313
# 14 0.024676 0.861250
# 14 0.024775 0.855157
# 14 0.024874 0.851054
!

precision=256000
tau=1.300000
# 10 0.023388 0.905231
# 10 0.023488 0.899762
# 10 0.023587 0.898265
# 10 0.023686 0.896168
# 10 0.023785 0.893601
# 10 0.023884 0.889867
# 10 0.023983 0.887754
# 10 0.024082 0.884852
# 10 0.024181 0.882687
# 10 0.024280 0.878433
# 10 0.024379 0.875816
# 10 0.024478 0.871726
# 10 0.024577 0.870336
# 10 0.024676 0.867121
# 10 0.024775 0.862000
# 10 0.024874 0.859754
# 12 0.023388 0.908797
# 12 0.023488 0.904664
# 12 0.023587 0.901496
# 12 0.023686 0.899031
# 12 0.023785 0.895035
# 12 0.023884 0.894097
# 12 0.023983 0.889882
# 12 0.024082 0.885598
# 12 0.024181 0.882543
# 12 0.024280 0.878055
# 12 0.024379 0.875137
# 12 0.024478 0.871641
# 12 0.024577 0.868348
# 12 0.024676 0.864875
# 12 0.024775 0.860066
# 12 0.024874 0.855571
# 14 0.023388 0.911949
# 14 0.023488 0.907621
# 14 0.023587 0.904179
# 14 0.023686 0.901379
# 14 0.023785 0.897168
# 14 0.023884 0.894895
# 14 0.023983 0.889761
# 14 0.024082 0.886624
# 14 0.024181 0.882942
# 14 0.024280 0.878535
# 14 0.024379 0.875816
# 14 0.024478 0.869629
# 14 0.024577 0.865211
# 14 0.024676 0.861535
# 14 0.024775 0.855235
# 14 0.024874 0.851032
!

precision=256000
tau=1.400000
# 10 0.023388 0.905262
# 10 0.023488 0.899723
# 10 0.023587 0.898289
# 10 0.023686 0.896547
# 10 0.023785 0.893441
# 10 0.023884 0.889746
# 10 0.023983 0.887481
# 10 0.024082 0.884719
# 10 0.024181 0.882504
# 10 0.024280 0.878390
# 10 0.024379 0.875664
# 10 0.024478 0.871500
# 10 0.024577 0.870246
# 10 0.024676 0.867168
# 10 0.024775 0.861754
# 10 0.024874 0.859461
# 12 0.023388 0.908593
# 12 0.023488 0.904539
# 12 0.023587 0.901375
# 12 0.023686 0.899211
# 12 0.023785 0.894605
# 12 0.023884 0.893879
# 12 0.023983 0.889472
# 12 0.024082 0.885340
# 12 0.024181 0.882465
# 12 0.024280 0.877539
# 12 0.024379 0.874707
# 12 0.024478 0.871235
# 12 0.024577 0.868160
# 12 0.024676 0.864543
# 12 0.024775 0.859512
# 12 0.024874 0.855316
# 14 0.023388 0.911586
# 14 0.023488 0.907359
# 14 0.023587 0.903879
# 14 0.023686 0.901605
# 14 0.023785 0.896938
# 14 0.023884 0.894656
# 14 0.023983 0.889449
# 14 0.024082 0.886282
# 14 0.024181 0.882469
# 14 0.024280 0.878043
# 14 0.024379 0.875214
# 14 0.024478 0.869512
# 14 0.024577 0.864867
# 14 0.024676 0.861055
# 14 0.024775 0.854816
# 14 0.024874 0.850699
!

