synchronicity=0.600000
time_factor=3

precision=256000
tau=1.000000
# 10 0.019183 0.933011
# 10 0.019293 0.932343
# 10 0.019402 0.929746
# 10 0.019512 0.925477
# 10 0.019621 0.924222
# 10 0.019730 0.921414
# 10 0.019840 0.917558
# 10 0.019949 0.917316
# 10 0.020058 0.913223
# 10 0.020168 0.910890
# 10 0.020277 0.907847
# 10 0.020386 0.905211
# 10 0.020495 0.901969
# 10 0.020605 0.898906
# 10 0.020713 0.893968
# 10 0.020823 0.892660
# 12 0.019183 0.937219
# 12 0.019293 0.934187
# 12 0.019402 0.930453
# 12 0.019512 0.929289
# 12 0.019621 0.926414
# 12 0.019730 0.922183
# 12 0.019840 0.919824
# 12 0.019949 0.916676
# 12 0.020058 0.913328
# 12 0.020168 0.911230
# 12 0.020277 0.906930
# 12 0.020386 0.902570
# 12 0.020495 0.899039
# 12 0.020605 0.895305
# 12 0.020713 0.891653
# 12 0.020823 0.886457
# 14 0.019183 0.940316
# 14 0.019293 0.937305
# 14 0.019402 0.934562
# 14 0.019512 0.930375
# 14 0.019621 0.928375
# 14 0.019730 0.924551
# 14 0.019840 0.920113
# 14 0.019949 0.916699
# 14 0.020058 0.914047
# 14 0.020168 0.910102
# 14 0.020277 0.904902
# 14 0.020386 0.900801
# 14 0.020495 0.896543
# 14 0.020605 0.892054
# 14 0.020713 0.886911
# 14 0.020823 0.884454
!

precision=256000
tau=1.100000
# 10 0.019183 0.933207
# 10 0.019293 0.932601
# 10 0.019402 0.930074
# 10 0.019512 0.925804
# 10 0.019621 0.924629
# 10 0.019730 0.921914
# 10 0.019840 0.917972
# 10 0.019949 0.917652
# 10 0.020058 0.913532
# 10 0.020168 0.911231
# 10 0.020277 0.908293
# 10 0.020386 0.905547
# 10 0.020495 0.902348
# 10 0.020605 0.899394
# 10 0.020713 0.894328
# 10 0.020823 0.893422
# 12 0.019183 0.937715
# 12 0.019293 0.934554
# 12 0.019402 0.930965
# 12 0.019512 0.929688
# 12 0.019621 0.927015
# 12 0.019730 0.922562
# 12 0.019840 0.920074
# 12 0.019949 0.917219
# 12 0.020058 0.913883
# 12 0.020168 0.911887
# 12 0.020277 0.907578
# 12 0.020386 0.902992
# 12 0.020495 0.899879
# 12 0.020605 0.896058
# 12 0.020713 0.892074
# 12 0.020823 0.886918
# 14 0.019183 0.940855
# 14 0.019293 0.937625
# 14 0.019402 0.935094
# 14 0.019512 0.930782
# 14 0.019621 0.928754
# 14 0.019730 0.924868
# 14 0.019840 0.920782
# 14 0.019949 0.917312
# 14 0.020058 0.914734
# 14 0.020168 0.910773
# 14 0.020277 0.905359
# 14 0.020386 0.901520
# 14 0.020495 0.896726
# 14 0.020605 0.893082
# 14 0.020713 0.887593
# 14 0.020823 0.885418
!

precision=256000
tau=1.200000
# 10 0.019183 0.933750
# 10 0.019293 0.932851
# 10 0.019402 0.930168
# 10 0.019512 0.926293
# 10 0.019621 0.924777
# 10 0.019730 0.922215
# 10 0.019840 0.918395
# 10 0.019949 0.917789
# 10 0.020058 0.913719
# 10 0.020168 0.911399
# 10 0.020277 0.908500
# 10 0.020386 0.905793
# 10 0.020495 0.902671
# 10 0.020605 0.899703
# 10 0.020713 0.894797
# 10 0.020823 0.893563
# 12 0.019183 0.938098
# 12 0.019293 0.934758
# 12 0.019402 0.931387
# 12 0.019512 0.930157
# 12 0.019621 0.927168
# 12 0.019730 0.923043
# 12 0.019840 0.920571
# 12 0.019949 0.917332
# 12 0.020058 0.914254
# 12 0.020168 0.912382
# 12 0.020277 0.908062
# 12 0.020386 0.903172
# 12 0.020495 0.900278
# 12 0.020605 0.896199
# 12 0.020713 0.892617
# 12 0.020823 0.887231
# 14 0.019183 0.941324
# 14 0.019293 0.938024
# 14 0.019402 0.935278
# 14 0.019512 0.931027
# 14 0.019621 0.929152
# 14 0.019730 0.925328
# 14 0.019840 0.921297
# 14 0.019949 0.917687
# 14 0.020058 0.914969
# 14 0.020168 0.911188
# 14 0.020277 0.905594
# 14 0.020386 0.901898
# 14 0.020495 0.897265
# 14 0.020605 0.893746
# 14 0.020713 0.888340
# 14 0.020823 0.885457
!

precision=256000
tau=1.300000
# 10 0.019183 0.933562
# 10 0.019293 0.932703
# 10 0.019402 0.930304
# 10 0.019512 0.926140
# 10 0.019621 0.924964
# 10 0.019730 0.922230
# 10 0.019840 0.918250
# 10 0.019949 0.918137
# 10 0.020058 0.913652
# 10 0.020168 0.911605
# 10 0.020277 0.908492
# 10 0.020386 0.905610
# 10 0.020495 0.902738
# 10 0.020605 0.899575
# 10 0.020713 0.894836
# 10 0.020823 0.893824
# 12 0.019183 0.937890
# 12 0.019293 0.934660
# 12 0.019402 0.931547
# 12 0.019512 0.930004
# 12 0.019621 0.927328
# 12 0.019730 0.923000
# 12 0.019840 0.920918
# 12 0.019949 0.917426
# 12 0.020058 0.914308
# 12 0.020168 0.912828
# 12 0.020277 0.907954
# 12 0.020386 0.903062
# 12 0.020495 0.900582
# 12 0.020605 0.896328
# 12 0.020713 0.892359
# 12 0.020823 0.887257
# 14 0.019183 0.941207
# 14 0.019293 0.937902
# 14 0.019402 0.935258
# 14 0.019512 0.930949
# 14 0.019621 0.929090
# 14 0.019730 0.925586
# 14 0.019840 0.921687
# 14 0.019949 0.917816
# 14 0.020058 0.914868
# 14 0.020168 0.911445
# 14 0.020277 0.905750
# 14 0.020386 0.901848
# 14 0.020495 0.897243
# 14 0.020605 0.893656
# 14 0.020713 0.888488
# 14 0.020823 0.885554
!

precision=256000
tau=1.400000
# 10 0.019183 0.933316
# 10 0.019293 0.932723
# 10 0.019402 0.930000
# 10 0.019512 0.926273
# 10 0.019621 0.924758
# 10 0.019730 0.922187
# 10 0.019840 0.918265
# 10 0.019949 0.917980
# 10 0.020058 0.913657
# 10 0.020168 0.911422
# 10 0.020277 0.908430
# 10 0.020386 0.905492
# 10 0.020495 0.902543
# 10 0.020605 0.899679
# 10 0.020713 0.894742
# 10 0.020823 0.893660
# 12 0.019183 0.937750
# 12 0.019293 0.934731
# 12 0.019402 0.931496
# 12 0.019512 0.929860
# 12 0.019621 0.927242
# 12 0.019730 0.922652
# 12 0.019840 0.920750
# 12 0.019949 0.917336
# 12 0.020058 0.914129
# 12 0.020168 0.912285
# 12 0.020277 0.907902
# 12 0.020386 0.902797
# 12 0.020495 0.900246
# 12 0.020605 0.896668
# 12 0.020713 0.892035
# 12 0.020823 0.887035
# 14 0.019183 0.941113
# 14 0.019293 0.937890
# 14 0.019402 0.935168
# 14 0.019512 0.930941
# 14 0.019621 0.929121
# 14 0.019730 0.925422
# 14 0.019840 0.921496
# 14 0.019949 0.917687
# 14 0.020058 0.914637
# 14 0.020168 0.911070
# 14 0.020277 0.905660
# 14 0.020386 0.901703
# 14 0.020495 0.897070
# 14 0.020605 0.893914
# 14 0.020713 0.888301
# 14 0.020823 0.885461
!

