synchronicity=0.400000
time_factor=2

precision=256000
tau=1.400000
# 10 0.016092 0.943672
# 10 0.016222 0.940391
# 10 0.016354 0.937179
# 10 0.016484 0.934203
# 10 0.016614 0.931571
# 10 0.016746 0.927086
# 10 0.016876 0.924246
# 10 0.017006 0.921547
# 10 0.017138 0.916895
# 10 0.017268 0.914426
# 10 0.017397 0.910195
# 10 0.017530 0.906801
# 10 0.017659 0.901879
# 10 0.017789 0.897473
# 10 0.017921 0.892863
# 10 0.018051 0.889871
# 12 0.016092 0.946742
# 12 0.016222 0.944425
# 12 0.016354 0.940953
# 12 0.016484 0.936676
# 12 0.016614 0.934691
# 12 0.016746 0.930801
# 12 0.016876 0.926735
# 12 0.017006 0.922969
# 12 0.017138 0.918516
# 12 0.017268 0.913625
# 12 0.017397 0.908672
# 12 0.017530 0.905004
# 12 0.017659 0.899684
# 12 0.017789 0.894117
# 12 0.017921 0.889160
# 12 0.018051 0.884117
# 14 0.016092 0.951660
# 14 0.016222 0.948684
# 14 0.016354 0.945840
# 14 0.016484 0.941242
# 14 0.016614 0.936910
# 14 0.016746 0.933640
# 14 0.016876 0.928929
# 14 0.017006 0.924398
# 14 0.017138 0.919547
# 14 0.017268 0.913554
# 14 0.017397 0.907782
# 14 0.017530 0.903019
# 14 0.017659 0.896902
# 14 0.017789 0.890938
# 14 0.017921 0.885809
# 14 0.018051 0.879789
!

precision=256000
tau=1.500000
# 10 0.016092 0.943785
# 10 0.016222 0.940605
# 10 0.016354 0.937453
# 10 0.016484 0.934238
# 10 0.016614 0.931797
# 10 0.016746 0.927453
# 10 0.016876 0.924191
# 10 0.017006 0.921770
# 10 0.017138 0.916949
# 10 0.017268 0.914949
# 10 0.017397 0.910625
# 10 0.017530 0.907071
# 10 0.017659 0.901824
# 10 0.017789 0.898032
# 10 0.017921 0.893410
# 10 0.018051 0.890047
# 12 0.016092 0.947070
# 12 0.016222 0.945051
# 12 0.016354 0.941105
# 12 0.016484 0.937078
# 12 0.016614 0.935059
# 12 0.016746 0.931304
# 12 0.016876 0.927070
# 12 0.017006 0.923199
# 12 0.017138 0.918707
# 12 0.017268 0.914176
# 12 0.017397 0.909231
# 12 0.017530 0.905113
# 12 0.017659 0.899976
# 12 0.017789 0.894781
# 12 0.017921 0.889762
# 12 0.018051 0.884637
# 14 0.016092 0.952047
# 14 0.016222 0.948871
# 14 0.016354 0.946375
# 14 0.016484 0.941492
# 14 0.016614 0.937480
# 14 0.016746 0.934250
# 14 0.016876 0.929785
# 14 0.017006 0.924777
# 14 0.017138 0.919988
# 14 0.017268 0.914058
# 14 0.017397 0.908394
# 14 0.017530 0.903644
# 14 0.017659 0.897464
# 14 0.017789 0.891750
# 14 0.017921 0.886457
# 14 0.018051 0.880504
!

precision=256000
tau=1.600000
# 10 0.016092 0.943817
# 10 0.016222 0.940821
# 10 0.016354 0.937410
# 10 0.016484 0.934235
# 10 0.016614 0.931910
# 10 0.016746 0.927785
# 10 0.016876 0.924222
# 10 0.017006 0.922023
# 10 0.017138 0.917106
# 10 0.017268 0.915090
# 10 0.017397 0.910402
# 10 0.017530 0.907239
# 10 0.017659 0.901774
# 10 0.017789 0.898113
# 10 0.017921 0.893242
# 10 0.018051 0.890137
# 12 0.016092 0.947250
# 12 0.016222 0.945137
# 12 0.016354 0.941309
# 12 0.016484 0.937257
# 12 0.016614 0.935235
# 12 0.016746 0.931367
# 12 0.016876 0.926879
# 12 0.017006 0.923343
# 12 0.017138 0.918570
# 12 0.017268 0.914258
# 12 0.017397 0.909152
# 12 0.017530 0.905429
# 12 0.017659 0.899895
# 12 0.017789 0.894793
# 12 0.017921 0.889743
# 12 0.018051 0.884734
# 14 0.016092 0.952094
# 14 0.016222 0.948930
# 14 0.016354 0.946594
# 14 0.016484 0.941609
# 14 0.016614 0.937746
# 14 0.016746 0.934507
# 14 0.016876 0.929770
# 14 0.017006 0.924770
# 14 0.017138 0.920109
# 14 0.017268 0.914133
# 14 0.017397 0.908707
# 14 0.017530 0.903840
# 14 0.017659 0.897793
# 14 0.017789 0.891871
# 14 0.017921 0.886453
# 14 0.018051 0.880417
!

precision=256000
tau=1.700000
# 10 0.016092 0.943593
# 10 0.016222 0.940676
# 10 0.016354 0.937004
# 10 0.016484 0.934207
# 10 0.016614 0.931593
# 10 0.016746 0.927629
# 10 0.016876 0.923925
# 10 0.017006 0.921699
# 10 0.017138 0.916871
# 10 0.017268 0.914711
# 10 0.017397 0.910113
# 10 0.017530 0.906894
# 10 0.017659 0.901449
# 10 0.017789 0.898032
# 10 0.017921 0.893402
# 10 0.018051 0.889586
# 12 0.016092 0.947121
# 12 0.016222 0.945086
# 12 0.016354 0.940914
# 12 0.016484 0.937031
# 12 0.016614 0.934984
# 12 0.016746 0.931121
# 12 0.016876 0.926914
# 12 0.017006 0.923176
# 12 0.017138 0.918234
# 12 0.017268 0.914125
# 12 0.017397 0.908882
# 12 0.017530 0.905391
# 12 0.017659 0.899707
# 12 0.017789 0.894715
# 12 0.017921 0.889172
# 12 0.018051 0.884378
# 14 0.016092 0.952125
# 14 0.016222 0.948812
# 14 0.016354 0.946422
# 14 0.016484 0.941356
# 14 0.016614 0.937410
# 14 0.016746 0.934110
# 14 0.016876 0.929652
# 14 0.017006 0.924574
# 14 0.017138 0.919801
# 14 0.017268 0.913871
# 14 0.017397 0.908722
# 14 0.017530 0.904149
# 14 0.017659 0.897429
# 14 0.017789 0.891535
# 14 0.017921 0.886082
# 14 0.018051 0.879941
!

precision=256000
tau=1.800000
# 10 0.016092 0.943140
# 10 0.016222 0.940097
# 10 0.016354 0.936574
# 10 0.016484 0.933894
# 10 0.016614 0.931007
# 10 0.016746 0.927035
# 10 0.016876 0.923457
# 10 0.017006 0.920980
# 10 0.017138 0.916399
# 10 0.017268 0.913832
# 10 0.017397 0.909192
# 10 0.017530 0.906461
# 10 0.017659 0.900785
# 10 0.017789 0.897015
# 10 0.017921 0.892734
# 10 0.018051 0.888848
# 12 0.016092 0.946617
# 12 0.016222 0.944660
# 12 0.016354 0.940629
# 12 0.016484 0.936407
# 12 0.016614 0.934363
# 12 0.016746 0.930562
# 12 0.016876 0.926328
# 12 0.017006 0.922340
# 12 0.017138 0.917680
# 12 0.017268 0.913371
# 12 0.017397 0.907992
# 12 0.017530 0.904664
# 12 0.017659 0.898796
# 12 0.017789 0.893441
# 12 0.017921 0.888043
# 12 0.018051 0.883863
# 14 0.016092 0.951628
# 14 0.016222 0.948304
# 14 0.016354 0.945840
# 14 0.016484 0.940933
# 14 0.016614 0.937132
# 14 0.016746 0.933395
# 14 0.016876 0.929028
# 14 0.017006 0.923801
# 14 0.017138 0.918906
# 14 0.017268 0.912996
# 14 0.017397 0.908035
# 14 0.017530 0.903520
# 14 0.017659 0.896531
# 14 0.017789 0.890390
# 14 0.017921 0.884910
# 14 0.018051 0.878910
!

