synchronicity=0.500000
time_factor=2

precision=256000
tau=1.400000
# 10 0.017642 0.931648
# 10 0.017746 0.929047
# 10 0.017852 0.926098
# 10 0.017956 0.924156
# 10 0.018060 0.921180
# 10 0.018166 0.918601
# 10 0.018270 0.915879
# 10 0.018374 0.912996
# 10 0.018480 0.909785
# 10 0.018584 0.907485
# 10 0.018688 0.904160
# 10 0.018794 0.898879
# 10 0.018898 0.897824
# 10 0.019002 0.893782
# 10 0.019108 0.889539
# 10 0.019212 0.885449
# 12 0.017642 0.936102
# 12 0.017746 0.932106
# 12 0.017852 0.929605
# 12 0.017956 0.926805
# 12 0.018060 0.924234
# 12 0.018166 0.919343
# 12 0.018270 0.917093
# 12 0.018374 0.915269
# 12 0.018480 0.910137
# 12 0.018584 0.906839
# 12 0.018688 0.902398
# 12 0.018794 0.899570
# 12 0.018898 0.895066
# 12 0.019002 0.891082
# 12 0.019108 0.887726
# 12 0.019212 0.882609
# 14 0.017642 0.938965
# 14 0.017746 0.935629
# 14 0.017852 0.932640
# 14 0.017956 0.929734
# 14 0.018060 0.925207
# 14 0.018166 0.922399
# 14 0.018270 0.918902
# 14 0.018374 0.915067
# 14 0.018480 0.910188
# 14 0.018584 0.907528
# 14 0.018688 0.902621
# 14 0.018794 0.897769
# 14 0.018898 0.894168
# 14 0.019002 0.888527
# 14 0.019108 0.883512
# 14 0.019212 0.878067
!

precision=256000
tau=1.500000
# 10 0.017642 0.931422
# 10 0.017746 0.928914
# 10 0.017852 0.926008
# 10 0.017956 0.923988
# 10 0.018060 0.921258
# 10 0.018166 0.918320
# 10 0.018270 0.915820
# 10 0.018374 0.912473
# 10 0.018480 0.909812
# 10 0.018584 0.907621
# 10 0.018688 0.903797
# 10 0.018794 0.899027
# 10 0.018898 0.897707
# 10 0.019002 0.893574
# 10 0.019108 0.889410
# 10 0.019212 0.885375
# 12 0.017642 0.936145
# 12 0.017746 0.932191
# 12 0.017852 0.929480
# 12 0.017956 0.926539
# 12 0.018060 0.924226
# 12 0.018166 0.919000
# 12 0.018270 0.917196
# 12 0.018374 0.914934
# 12 0.018480 0.910242
# 12 0.018584 0.906637
# 12 0.018688 0.902289
# 12 0.018794 0.899387
# 12 0.018898 0.894738
# 12 0.019002 0.891023
# 12 0.019108 0.887164
# 12 0.019212 0.882367
# 14 0.017642 0.938922
# 14 0.017746 0.935777
# 14 0.017852 0.932637
# 14 0.017956 0.929551
# 14 0.018060 0.924894
# 14 0.018166 0.922391
# 14 0.018270 0.918941
# 14 0.018374 0.914988
# 14 0.018480 0.909832
# 14 0.018584 0.907398
# 14 0.018688 0.902715
# 14 0.018794 0.897614
# 14 0.018898 0.894066
# 14 0.019002 0.888246
# 14 0.019108 0.883172
# 14 0.019212 0.877976
!

precision=256000
tau=1.600000
# 10 0.017642 0.930972
# 10 0.017746 0.928757
# 10 0.017852 0.925640
# 10 0.017956 0.923969
# 10 0.018060 0.920968
# 10 0.018166 0.918293
# 10 0.018270 0.915477
# 10 0.018374 0.912043
# 10 0.018480 0.909269
# 10 0.018584 0.907265
# 10 0.018688 0.903426
# 10 0.018794 0.898816
# 10 0.018898 0.897269
# 10 0.019002 0.893441
# 10 0.019108 0.889180
# 10 0.019212 0.884649
# 12 0.017642 0.935597
# 12 0.017746 0.931941
# 12 0.017852 0.929328
# 12 0.017956 0.926086
# 12 0.018060 0.923922
# 12 0.018166 0.918918
# 12 0.018270 0.916559
# 12 0.018374 0.914312
# 12 0.018480 0.909953
# 12 0.018584 0.906457
# 12 0.018688 0.901761
# 12 0.018794 0.898691
# 12 0.018898 0.894141
# 12 0.019002 0.890336
# 12 0.019108 0.886407
# 12 0.019212 0.881231
# 14 0.017642 0.938559
# 14 0.017746 0.935504
# 14 0.017852 0.932117
# 14 0.017956 0.929011
# 14 0.018060 0.924785
# 14 0.018166 0.922122
# 14 0.018270 0.918496
# 14 0.018374 0.914368
# 14 0.018480 0.909672
# 14 0.018584 0.906969
# 14 0.018688 0.902297
# 14 0.018794 0.896985
# 14 0.018898 0.893402
# 14 0.019002 0.887613
# 14 0.019108 0.882493
# 14 0.019212 0.877293
!

precision=256000
tau=1.700000
# 10 0.017642 0.930605
# 10 0.017746 0.927699
# 10 0.017852 0.924746
# 10 0.017956 0.923262
# 10 0.018060 0.920000
# 10 0.018166 0.917355
# 10 0.018270 0.914508
# 10 0.018374 0.910890
# 10 0.018480 0.908098
# 10 0.018584 0.906258
# 10 0.018688 0.902414
# 10 0.018794 0.897520
# 10 0.018898 0.896383
# 10 0.019002 0.892015
# 10 0.019108 0.887750
# 10 0.019212 0.883468
# 12 0.017642 0.935071
# 12 0.017746 0.930683
# 12 0.017852 0.928656
# 12 0.017956 0.925183
# 12 0.018060 0.922996
# 12 0.018166 0.918453
# 12 0.018270 0.915734
# 12 0.018374 0.913610
# 12 0.018480 0.909004
# 12 0.018584 0.905079
# 12 0.018688 0.900414
# 12 0.018794 0.897485
# 12 0.018898 0.892973
# 12 0.019002 0.889289
# 12 0.019108 0.885406
# 12 0.019212 0.880129
# 14 0.017642 0.938000
# 14 0.017746 0.934441
# 14 0.017852 0.931090
# 14 0.017956 0.928226
# 14 0.018060 0.923801
# 14 0.018166 0.921332
# 14 0.018270 0.917465
# 14 0.018374 0.913593
# 14 0.018480 0.908770
# 14 0.018584 0.905645
# 14 0.018688 0.900457
# 14 0.018794 0.895668
# 14 0.018898 0.892343
# 14 0.019002 0.886508
# 14 0.019108 0.880957
# 14 0.019212 0.876262
!

precision=256000
tau=1.800000
# 10 0.017642 0.929558
# 10 0.017746 0.927328
# 10 0.017852 0.924098
# 10 0.017956 0.922500
# 10 0.018060 0.919590
# 10 0.018166 0.916188
# 10 0.018270 0.913730
# 10 0.018374 0.910379
# 10 0.018480 0.907215
# 10 0.018584 0.905387
# 10 0.018688 0.901453
# 10 0.018794 0.896437
# 10 0.018898 0.895117
# 10 0.019002 0.890976
# 10 0.019108 0.886808
# 10 0.019212 0.882203
# 12 0.017642 0.933769
# 12 0.017746 0.929996
# 12 0.017852 0.927797
# 12 0.017956 0.924117
# 12 0.018060 0.922551
# 12 0.018166 0.917285
# 12 0.018270 0.914785
# 12 0.018374 0.912582
# 12 0.018480 0.907953
# 12 0.018584 0.903644
# 12 0.018688 0.899082
# 12 0.018794 0.895933
# 12 0.018898 0.891656
# 12 0.019002 0.887894
# 12 0.019108 0.883840
# 12 0.019212 0.878637
# 14 0.017642 0.937207
# 14 0.017746 0.933730
# 14 0.017852 0.930160
# 14 0.017956 0.927410
# 14 0.018060 0.923133
# 14 0.018166 0.920176
# 14 0.018270 0.916496
# 14 0.018374 0.912672
# 14 0.018480 0.907441
# 14 0.018584 0.904129
# 14 0.018688 0.899199
# 14 0.018794 0.894312
# 14 0.018898 0.890691
# 14 0.019002 0.884942
# 14 0.019108 0.879304
# 14 0.019212 0.874507
!

