synchronicity=0.700000
time_factor=3

precision=256000
tau=1.100000
# 10 0.021290 0.904309
# 10 0.021375 0.902375
# 10 0.021459 0.899687
# 10 0.021544 0.897500
# 10 0.021628 0.895379
# 10 0.021713 0.892801
# 10 0.021798 0.891512
# 10 0.021882 0.887516
# 10 0.021967 0.885504
# 10 0.022051 0.882914
# 10 0.022136 0.879051
# 10 0.022220 0.876118
# 10 0.022305 0.874363
# 10 0.022389 0.872199
# 10 0.022474 0.868574
# 10 0.022559 0.865617
# 12 0.021290 0.908351
# 12 0.021375 0.906484
# 12 0.021459 0.902719
# 12 0.021544 0.899750
# 12 0.021628 0.897082
# 12 0.021713 0.894719
# 12 0.021798 0.891961
# 12 0.021882 0.887571
# 12 0.021967 0.885227
# 12 0.022051 0.882304
# 12 0.022136 0.879449
# 12 0.022220 0.875449
# 12 0.022305 0.871758
# 12 0.022389 0.868664
# 12 0.022474 0.866148
# 12 0.022559 0.860902
# 14 0.021290 0.911723
# 14 0.021375 0.909363
# 14 0.021459 0.905262
# 14 0.021544 0.903102
# 14 0.021628 0.899023
# 14 0.021713 0.896610
# 14 0.021798 0.891899
# 14 0.021882 0.888840
# 14 0.021967 0.885086
# 14 0.022051 0.881496
# 14 0.022136 0.877875
# 14 0.022220 0.874218
# 14 0.022305 0.870210
# 14 0.022389 0.866300
# 14 0.022474 0.861536
# 14 0.022559 0.858543
!

precision=256000
tau=1.200000
# 10 0.021290 0.904621
# 10 0.021375 0.902887
# 10 0.021459 0.899718
# 10 0.021544 0.897719
# 10 0.021628 0.895367
# 10 0.021713 0.893559
# 10 0.021798 0.891785
# 10 0.021882 0.887660
# 10 0.021967 0.885902
# 10 0.022051 0.882765
# 10 0.022136 0.879382
# 10 0.022220 0.876632
# 10 0.022305 0.874324
# 10 0.022389 0.872441
# 10 0.022474 0.868617
# 10 0.022559 0.865793
# 12 0.021290 0.908875
# 12 0.021375 0.907325
# 12 0.021459 0.903035
# 12 0.021544 0.900367
# 12 0.021628 0.897235
# 12 0.021713 0.895262
# 12 0.021798 0.891929
# 12 0.021882 0.887824
# 12 0.021967 0.885929
# 12 0.022051 0.882270
# 12 0.022136 0.879926
# 12 0.022220 0.876375
# 12 0.022305 0.871887
# 12 0.022389 0.869340
# 12 0.022474 0.866148
# 12 0.022559 0.861176
# 14 0.021290 0.912152
# 14 0.021375 0.909844
# 14 0.021459 0.905461
# 14 0.021544 0.903485
# 14 0.021628 0.899430
# 14 0.021713 0.897125
# 14 0.021798 0.891946
# 14 0.021882 0.889168
# 14 0.021967 0.885613
# 14 0.022051 0.881383
# 14 0.022136 0.878262
# 14 0.022220 0.874738
# 14 0.022305 0.870422
# 14 0.022389 0.867215
# 14 0.022474 0.862004
# 14 0.022559 0.858785
!

precision=256000
tau=1.300000
# 10 0.021290 0.904637
# 10 0.021375 0.902718
# 10 0.021459 0.899750
# 10 0.021544 0.897785
# 10 0.021628 0.895750
# 10 0.021713 0.893070
# 10 0.021798 0.891871
# 10 0.021882 0.888035
# 10 0.021967 0.885699
# 10 0.022051 0.883074
# 10 0.022136 0.879535
# 10 0.022220 0.876543
# 10 0.022305 0.874382
# 10 0.022389 0.872699
# 10 0.022474 0.868582
# 10 0.022559 0.865965
# 12 0.021290 0.908687
# 12 0.021375 0.907035
# 12 0.021459 0.903097
# 12 0.021544 0.900422
# 12 0.021628 0.897387
# 12 0.021713 0.894965
# 12 0.021798 0.891797
# 12 0.021882 0.888032
# 12 0.021967 0.885520
# 12 0.022051 0.882621
# 12 0.022136 0.880203
# 12 0.022220 0.875949
# 12 0.022305 0.871903
# 12 0.022389 0.869507
# 12 0.022474 0.866191
# 12 0.022559 0.861105
# 14 0.021290 0.911934
# 14 0.021375 0.909551
# 14 0.021459 0.905550
# 14 0.021544 0.903691
# 14 0.021628 0.899742
# 14 0.021713 0.896914
# 14 0.021798 0.892188
# 14 0.021882 0.889468
# 14 0.021967 0.885254
# 14 0.022051 0.881707
# 14 0.022136 0.878442
# 14 0.022220 0.874367
# 14 0.022305 0.870539
# 14 0.022389 0.867301
# 14 0.022474 0.861977
# 14 0.022559 0.858743
!

precision=256000
tau=1.400000
# 10 0.021290 0.904429
# 10 0.021375 0.902637
# 10 0.021459 0.899027
# 10 0.021544 0.897722
# 10 0.021628 0.895797
# 10 0.021713 0.893375
# 10 0.021798 0.890910
# 10 0.021882 0.887699
# 10 0.021967 0.885429
# 10 0.022051 0.882516
# 10 0.022136 0.879457
# 10 0.022220 0.875969
# 10 0.022305 0.873503
# 10 0.022389 0.872402
# 10 0.022474 0.868308
# 10 0.022559 0.864781
# 12 0.021290 0.908578
# 12 0.021375 0.906805
# 12 0.021459 0.902324
# 12 0.021544 0.900094
# 12 0.021628 0.897726
# 12 0.021713 0.895035
# 12 0.021798 0.891285
# 12 0.021882 0.887563
# 12 0.021967 0.884996
# 12 0.022051 0.882137
# 12 0.022136 0.880508
# 12 0.022220 0.875469
# 12 0.022305 0.871390
# 12 0.022389 0.869304
# 12 0.022474 0.865555
# 12 0.022559 0.860351
# 14 0.021290 0.911633
# 14 0.021375 0.909226
# 14 0.021459 0.904785
# 14 0.021544 0.903426
# 14 0.021628 0.899711
# 14 0.021713 0.897070
# 14 0.021798 0.891609
# 14 0.021882 0.889379
# 14 0.021967 0.885020
# 14 0.022051 0.880590
# 14 0.022136 0.878172
# 14 0.022220 0.873543
# 14 0.022305 0.869656
# 14 0.022389 0.866949
# 14 0.022474 0.861101
# 14 0.022559 0.857672
!

precision=256000
tau=1.500000
# 10 0.021290 0.903555
# 10 0.021375 0.901641
# 10 0.021459 0.898621
# 10 0.021544 0.896946
# 10 0.021628 0.894691
# 10 0.021713 0.892508
# 10 0.021798 0.890066
# 10 0.021882 0.886602
# 10 0.021967 0.884813
# 10 0.022051 0.881867
# 10 0.022136 0.878785
# 10 0.022220 0.875433
# 10 0.022305 0.872887
# 10 0.022389 0.871867
# 10 0.022474 0.867453
# 10 0.022559 0.864011
# 12 0.021290 0.907988
# 12 0.021375 0.905586
# 12 0.021459 0.901934
# 12 0.021544 0.898778
# 12 0.021628 0.896656
# 12 0.021713 0.894180
# 12 0.021798 0.890660
# 12 0.021882 0.886473
# 12 0.021967 0.884184
# 12 0.022051 0.881109
# 12 0.022136 0.879676
# 12 0.022220 0.874414
# 12 0.022305 0.870199
# 12 0.022389 0.868215
# 12 0.022474 0.864105
# 12 0.022559 0.859559
# 14 0.021290 0.910777
# 14 0.021375 0.908179
# 14 0.021459 0.904226
# 14 0.021544 0.902375
# 14 0.021628 0.898543
# 14 0.021713 0.896015
# 14 0.021798 0.890625
# 14 0.021882 0.888118
# 14 0.021967 0.884348
# 14 0.022051 0.879121
# 14 0.022136 0.877390
# 14 0.022220 0.872179
# 14 0.022305 0.868496
# 14 0.022389 0.865539
# 14 0.022474 0.859578
# 14 0.022559 0.856132
!

