synchronicity=0.200000
time_factor=2


precision=256000
tau=1.700000
# 10 0.015065 0.934710
# 10 0.015148 0.932485
# 10 0.015226 0.929067
# 10 0.015309 0.928949
# 10 0.015392 0.925250
# 10 0.015470 0.923054
# 10 0.015553 0.920918
# 10 0.015636 0.918867
# 10 0.015714 0.916937
# 10 0.015797 0.914089
# 10 0.015879 0.911265
# 10 0.015957 0.909594
# 10 0.016040 0.906390
# 10 0.016123 0.903946
# 10 0.016201 0.901363
# 10 0.016284 0.898449
# 12 0.015065 0.936906
# 12 0.015148 0.933984
# 12 0.015226 0.931683
# 12 0.015309 0.929379
# 12 0.015392 0.926402
# 12 0.015470 0.924145
# 12 0.015553 0.921735
# 12 0.015636 0.918484
# 12 0.015714 0.915809
# 12 0.015797 0.912254
# 12 0.015879 0.910195
# 12 0.015957 0.906856
# 12 0.016040 0.903407
# 12 0.016123 0.900243
# 12 0.016201 0.897547
# 12 0.016284 0.892918
# 14 0.015065 0.937887
# 14 0.015148 0.936285
# 14 0.015226 0.933598
# 14 0.015309 0.930207
# 14 0.015392 0.927844
# 14 0.015470 0.925066
# 14 0.015553 0.922547
# 14 0.015636 0.919210
# 14 0.015714 0.915836
# 14 0.015797 0.910980
# 14 0.015879 0.907196
# 14 0.015957 0.904691
# 14 0.016040 0.900414
# 14 0.016123 0.896637
# 14 0.016201 0.892481
# 14 0.016284 0.888192
!

precision=256000
tau=1.800000
# 10 0.015065 0.935059
# 10 0.015148 0.933078
# 10 0.015226 0.929738
# 10 0.015309 0.929504
# 10 0.015392 0.925813
# 10 0.015470 0.923359
# 10 0.015553 0.921265
# 10 0.015636 0.919343
# 10 0.015714 0.917125
# 10 0.015797 0.914500
# 10 0.015879 0.911797
# 10 0.015957 0.910339
# 10 0.016040 0.907133
# 10 0.016123 0.904726
# 10 0.016201 0.902023
# 10 0.016284 0.899125
# 12 0.015065 0.937348
# 12 0.015148 0.934508
# 12 0.015226 0.932551
# 12 0.015309 0.929914
# 12 0.015392 0.927301
# 12 0.015470 0.924766
# 12 0.015553 0.922386
# 12 0.015636 0.919449
# 12 0.015714 0.916566
# 12 0.015797 0.913164
# 12 0.015879 0.910953
# 12 0.015957 0.907160
# 12 0.016040 0.903914
# 12 0.016123 0.900703
# 12 0.016201 0.898512
# 12 0.016284 0.893933
# 14 0.015065 0.938539
# 14 0.015148 0.937199
# 14 0.015226 0.934484
# 14 0.015309 0.930519
# 14 0.015392 0.928567
# 14 0.015470 0.925914
# 14 0.015553 0.923473
# 14 0.015636 0.919941
# 14 0.015714 0.916735
# 14 0.015797 0.911957
# 14 0.015879 0.908410
# 14 0.015957 0.905644
# 14 0.016040 0.901660
# 14 0.016123 0.897809
# 14 0.016201 0.893359
# 14 0.016284 0.889238
!

precision=256000
tau=1.900000
# 10 0.015065 0.935184
# 10 0.015148 0.933289
# 10 0.015226 0.929656
# 10 0.015309 0.929215
# 10 0.015392 0.925965
# 10 0.015470 0.923671
# 10 0.015553 0.921074
# 10 0.015636 0.919715
# 10 0.015714 0.917000
# 10 0.015797 0.914496
# 10 0.015879 0.911816
# 10 0.015957 0.910683
# 10 0.016040 0.907098
# 10 0.016123 0.904691
# 10 0.016201 0.902257
# 10 0.016284 0.899023
# 12 0.015065 0.937703
# 12 0.015148 0.934703
# 12 0.015226 0.932492
# 12 0.015309 0.930140
# 12 0.015392 0.927379
# 12 0.015470 0.924965
# 12 0.015553 0.922399
# 12 0.015636 0.919449
# 12 0.015714 0.916375
# 12 0.015797 0.913496
# 12 0.015879 0.910828
# 12 0.015957 0.907520
# 12 0.016040 0.904145
# 12 0.016123 0.900730
# 12 0.016201 0.898398
# 12 0.016284 0.894180
# 14 0.015065 0.938832
# 14 0.015148 0.937781
# 14 0.015226 0.934453
# 14 0.015309 0.930468
# 14 0.015392 0.928746
# 14 0.015470 0.926114
# 14 0.015553 0.923703
# 14 0.015636 0.919918
# 14 0.015714 0.917019
# 14 0.015797 0.912125
# 14 0.015879 0.908449
# 14 0.015957 0.906074
# 14 0.016040 0.901863
# 14 0.016123 0.898438
# 14 0.016201 0.893726
# 14 0.016284 0.889355
!

precision=256000
tau=2.000000
# 10 0.015065 0.935129
# 10 0.015148 0.932770
# 10 0.015226 0.929547
# 10 0.015309 0.928828
# 10 0.015392 0.925426
# 10 0.015470 0.923320
# 10 0.015553 0.920640
# 10 0.015636 0.919391
# 10 0.015714 0.916304
# 10 0.015797 0.913691
# 10 0.015879 0.911196
# 10 0.015957 0.909863
# 10 0.016040 0.906637
# 10 0.016123 0.904129
# 10 0.016201 0.901817
# 10 0.016284 0.898277
# 12 0.015065 0.937382
# 12 0.015148 0.934383
# 12 0.015226 0.931902
# 12 0.015309 0.929774
# 12 0.015392 0.927090
# 12 0.015470 0.924840
# 12 0.015553 0.921926
# 12 0.015636 0.918918
# 12 0.015714 0.915890
# 12 0.015797 0.912742
# 12 0.015879 0.910378
# 12 0.015957 0.906691
# 12 0.016040 0.903328
# 12 0.016123 0.900196
# 12 0.016201 0.897750
# 12 0.016284 0.893606
# 14 0.015065 0.938414
# 14 0.015148 0.937454
# 14 0.015226 0.933582
# 14 0.015309 0.930070
# 14 0.015392 0.927996
# 14 0.015470 0.925277
# 14 0.015553 0.923239
# 14 0.015636 0.919141
# 14 0.015714 0.916496
# 14 0.015797 0.911324
# 14 0.015879 0.907891
# 14 0.015957 0.905269
# 14 0.016040 0.901343
# 14 0.016123 0.897910
# 14 0.016201 0.892793
# 14 0.016284 0.888441
!

precision=256000
tau=2.100000
# 10 0.015065 0.934187
# 10 0.015148 0.932145
# 10 0.015226 0.928625
# 10 0.015309 0.927738
# 10 0.015392 0.924113
# 10 0.015470 0.922152
# 10 0.015553 0.919488
# 10 0.015636 0.917804
# 10 0.015714 0.915231
# 10 0.015797 0.912563
# 10 0.015879 0.910031
# 10 0.015957 0.908781
# 10 0.016040 0.905199
# 10 0.016123 0.902781
# 10 0.016201 0.900312
# 10 0.016284 0.896691
# 12 0.015065 0.936301
# 12 0.015148 0.933218
# 12 0.015226 0.930723
# 12 0.015309 0.928664
# 12 0.015392 0.926059
# 12 0.015470 0.923644
# 12 0.015553 0.920804
# 12 0.015636 0.917265
# 12 0.015714 0.914477
# 12 0.015797 0.911301
# 12 0.015879 0.908683
# 12 0.015957 0.904949
# 12 0.016040 0.901746
# 12 0.016123 0.898492
# 12 0.016201 0.896308
# 12 0.016284 0.891355
# 14 0.015065 0.937523
# 14 0.015148 0.936339
# 14 0.015226 0.932465
# 14 0.015309 0.928856
# 14 0.015392 0.926859
# 14 0.015470 0.923988
# 14 0.015553 0.921571
# 14 0.015636 0.917687
# 14 0.015714 0.914773
# 14 0.015797 0.909828
# 14 0.015879 0.906329
# 14 0.015957 0.903863
# 14 0.016040 0.899696
# 14 0.016123 0.896137
# 14 0.016201 0.890906
# 14 0.016284 0.886437
!

