synchronicity=0.300000
time_factor=6

precision=256000
tau=1.600000
# 10 0.015496 0.947144
# 10 0.015603 0.943867
# 10 0.015714 0.942008
# 10 0.015822 0.940075
# 10 0.015929 0.937508
# 10 0.016040 0.934965
# 10 0.016147 0.932387
# 10 0.016255 0.929731
# 10 0.016366 0.927258
# 10 0.016473 0.923485
# 10 0.016581 0.920868
# 10 0.016691 0.917375
# 10 0.016799 0.914019
# 10 0.016906 0.911719
# 10 0.017017 0.907832
# 10 0.017124 0.905785
# 12 0.015496 0.950234
# 12 0.015603 0.946465
# 12 0.015714 0.944461
# 12 0.015822 0.942629
# 12 0.015929 0.938832
# 12 0.016040 0.935972
# 12 0.016147 0.933067
# 12 0.016255 0.930629
# 12 0.016366 0.927375
# 12 0.016473 0.924063
# 12 0.016581 0.920157
# 12 0.016691 0.916426
# 12 0.016799 0.912035
# 12 0.016906 0.908235
# 12 0.017017 0.905426
# 12 0.017124 0.901199
# 14 0.015496 0.952926
# 14 0.015603 0.949140
# 14 0.015714 0.946547
# 14 0.015822 0.943613
# 14 0.015929 0.940281
# 14 0.016040 0.936520
# 14 0.016147 0.933781
# 14 0.016255 0.930477
# 14 0.016366 0.926758
# 14 0.016473 0.921777
# 14 0.016581 0.917554
# 14 0.016691 0.914258
# 14 0.016799 0.909601
# 14 0.016906 0.906007
# 14 0.017017 0.900426
# 14 0.017124 0.896660
!

precision=256000
tau=1.700000
# 10 0.015496 0.947300
# 10 0.015603 0.944031
# 10 0.015714 0.942082
# 10 0.015822 0.940312
# 10 0.015929 0.937750
# 10 0.016040 0.934941
# 10 0.016147 0.932762
# 10 0.016255 0.929980
# 10 0.016366 0.927301
# 10 0.016473 0.923496
# 10 0.016581 0.921188
# 10 0.016691 0.917644
# 10 0.016799 0.914188
# 10 0.016906 0.912171
# 10 0.017017 0.908359
# 10 0.017124 0.905757
# 12 0.015496 0.950629
# 12 0.015603 0.947023
# 12 0.015714 0.944691
# 12 0.015822 0.942926
# 12 0.015929 0.938941
# 12 0.016040 0.936383
# 12 0.016147 0.933360
# 12 0.016255 0.930860
# 12 0.016366 0.927657
# 12 0.016473 0.924324
# 12 0.016581 0.920281
# 12 0.016691 0.916749
# 12 0.016799 0.912152
# 12 0.016906 0.908679
# 12 0.017017 0.905539
# 12 0.017124 0.901535
# 14 0.015496 0.953332
# 14 0.015603 0.949676
# 14 0.015714 0.946985
# 14 0.015822 0.944054
# 14 0.015929 0.940855
# 14 0.016040 0.937019
# 14 0.016147 0.934003
# 14 0.016255 0.930832
# 14 0.016366 0.927019
# 14 0.016473 0.922149
# 14 0.016581 0.917824
# 14 0.016691 0.914699
# 14 0.016799 0.909847
# 14 0.016906 0.906254
# 14 0.017017 0.900910
# 14 0.017124 0.897254
!

precision=256000
tau=1.800000
# 10 0.015496 0.947160
# 10 0.015603 0.943804
# 10 0.015714 0.942144
# 10 0.015822 0.940300
# 10 0.015929 0.937723
# 10 0.016040 0.934789
# 10 0.016147 0.932695
# 10 0.016255 0.930051
# 10 0.016366 0.927071
# 10 0.016473 0.923199
# 10 0.016581 0.921141
# 10 0.016691 0.917527
# 10 0.016799 0.913918
# 10 0.016906 0.912211
# 10 0.017017 0.908281
# 10 0.017124 0.905754
# 12 0.015496 0.950617
# 12 0.015603 0.947067
# 12 0.015714 0.944441
# 12 0.015822 0.943059
# 12 0.015929 0.938754
# 12 0.016040 0.936691
# 12 0.016147 0.933187
# 12 0.016255 0.930618
# 12 0.016366 0.927652
# 12 0.016473 0.924023
# 12 0.016581 0.920086
# 12 0.016691 0.916844
# 12 0.016799 0.912015
# 12 0.016906 0.908504
# 12 0.017017 0.905219
# 12 0.017124 0.901402
# 14 0.015496 0.953586
# 14 0.015603 0.949914
# 14 0.015714 0.947254
# 14 0.015822 0.944179
# 14 0.015929 0.941012
# 14 0.016040 0.937332
# 14 0.016147 0.934277
# 14 0.016255 0.930723
# 14 0.016366 0.927000
# 14 0.016473 0.922218
# 14 0.016581 0.917832
# 14 0.016691 0.914648
# 14 0.016799 0.909785
# 14 0.016906 0.906465
# 14 0.017017 0.901195
# 14 0.017124 0.897461
!

precision=256000
tau=1.900000
# 10 0.015496 0.946907
# 10 0.015603 0.943515
# 10 0.015714 0.942157
# 10 0.015822 0.939890
# 10 0.015929 0.937074
# 10 0.016040 0.934515
# 10 0.016147 0.932168
# 10 0.016255 0.929441
# 10 0.016366 0.926770
# 10 0.016473 0.923098
# 10 0.016581 0.920605
# 10 0.016691 0.917265
# 10 0.016799 0.913551
# 10 0.016906 0.911594
# 10 0.017017 0.907687
# 10 0.017124 0.905586
# 12 0.015496 0.950621
# 12 0.015603 0.946801
# 12 0.015714 0.944230
# 12 0.015822 0.942507
# 12 0.015929 0.938324
# 12 0.016040 0.936199
# 12 0.016147 0.932821
# 12 0.016255 0.930383
# 12 0.016366 0.927230
# 12 0.016473 0.923750
# 12 0.016581 0.919797
# 12 0.016691 0.916316
# 12 0.016799 0.911531
# 12 0.016906 0.907617
# 12 0.017017 0.904683
# 12 0.017124 0.900730
# 14 0.015496 0.953379
# 14 0.015603 0.949754
# 14 0.015714 0.946929
# 14 0.015822 0.943992
# 14 0.015929 0.940676
# 14 0.016040 0.937078
# 14 0.016147 0.934047
# 14 0.016255 0.930656
# 14 0.016366 0.926375
# 14 0.016473 0.921976
# 14 0.016581 0.917515
# 14 0.016691 0.914211
# 14 0.016799 0.909312
# 14 0.016906 0.905921
# 14 0.017017 0.900582
# 14 0.017124 0.896567
!

precision=256000
tau=2.000000
# 10 0.015496 0.946332
# 10 0.015603 0.943024
# 10 0.015714 0.941352
# 10 0.015822 0.938781
# 10 0.015929 0.936383
# 10 0.016040 0.933821
# 10 0.016147 0.931340
# 10 0.016255 0.928625
# 10 0.016366 0.926180
# 10 0.016473 0.922312
# 10 0.016581 0.919824
# 10 0.016691 0.916359
# 10 0.016799 0.912922
# 10 0.016906 0.910347
# 10 0.017017 0.906383
# 10 0.017124 0.904500
# 12 0.015496 0.950004
# 12 0.015603 0.945965
# 12 0.015714 0.943715
# 12 0.015822 0.941860
# 12 0.015929 0.937617
# 12 0.016040 0.935453
# 12 0.016147 0.932063
# 12 0.016255 0.929508
# 12 0.016366 0.926222
# 12 0.016473 0.922657
# 12 0.016581 0.919039
# 12 0.016691 0.915199
# 12 0.016799 0.910570
# 12 0.016906 0.906656
# 12 0.017017 0.903469
# 12 0.017124 0.899195
# 14 0.015496 0.952597
# 14 0.015603 0.949043
# 14 0.015714 0.945988
# 14 0.015822 0.943176
# 14 0.015929 0.940172
# 14 0.016040 0.936504
# 14 0.016147 0.933102
# 14 0.016255 0.929515
# 14 0.016366 0.925710
# 14 0.016473 0.921215
# 14 0.016581 0.916102
# 14 0.016691 0.913067
# 14 0.016799 0.907953
# 14 0.016906 0.904570
# 14 0.017017 0.899051
# 14 0.017124 0.895211
!

