synchronicity=0.100000
time_factor=2

precision=256000
tau=1.700000
# 10 0.013825 0.952332
# 10 0.013952 0.949985
# 10 0.014088 0.947680
# 10 0.014215 0.943883
# 10 0.014341 0.941762
# 10 0.014478 0.938938
# 10 0.014604 0.935246
# 10 0.014731 0.931168
# 10 0.014867 0.928164
# 10 0.014994 0.925352
# 10 0.015120 0.920883
# 10 0.015256 0.916973
# 10 0.015383 0.912684
# 10 0.015509 0.909371
# 10 0.015645 0.904969
# 10 0.015772 0.900496
# 12 0.013825 0.956563
# 12 0.013952 0.954559
# 12 0.014088 0.951016
# 12 0.014215 0.948172
# 12 0.014341 0.943664
# 12 0.014478 0.940578
# 12 0.014604 0.935883
# 12 0.014731 0.932652
# 12 0.014867 0.928715
# 12 0.014994 0.925230
# 12 0.015120 0.920016
# 12 0.015256 0.915269
# 12 0.015383 0.910707
# 12 0.015509 0.906528
# 12 0.015645 0.900574
# 12 0.015772 0.895039
# 14 0.013825 0.960000
# 14 0.013952 0.957125
# 14 0.014088 0.953614
# 14 0.014215 0.950356
# 14 0.014341 0.947039
# 14 0.014478 0.942246
# 14 0.014604 0.938258
# 14 0.014731 0.933410
# 14 0.014867 0.928746
# 14 0.014994 0.924489
# 14 0.015120 0.919832
# 14 0.015256 0.914160
# 14 0.015383 0.908301
# 14 0.015509 0.903363
# 14 0.015645 0.895355
# 14 0.015772 0.889664
!

precision=256000
tau=1.800000
# 10 0.013825 0.952981
# 10 0.013952 0.950344
# 10 0.014088 0.948246
# 10 0.014215 0.944328
# 10 0.014341 0.942289
# 10 0.014478 0.939328
# 10 0.014604 0.935926
# 10 0.014731 0.932133
# 10 0.014867 0.928594
# 10 0.014994 0.926063
# 10 0.015120 0.921590
# 10 0.015256 0.917707
# 10 0.015383 0.913527
# 10 0.015509 0.909832
# 10 0.015645 0.905778
# 10 0.015772 0.901809
# 12 0.013825 0.957410
# 12 0.013952 0.955254
# 12 0.014088 0.951656
# 12 0.014215 0.948786
# 12 0.014341 0.944481
# 12 0.014478 0.941281
# 12 0.014604 0.936520
# 12 0.014731 0.933566
# 12 0.014867 0.929692
# 12 0.014994 0.926336
# 12 0.015120 0.921113
# 12 0.015256 0.916316
# 12 0.015383 0.911871
# 12 0.015509 0.907782
# 12 0.015645 0.901992
# 12 0.015772 0.896680
# 14 0.013825 0.960637
# 14 0.013952 0.958004
# 14 0.014088 0.954231
# 14 0.014215 0.951160
# 14 0.014341 0.948106
# 14 0.014478 0.943184
# 14 0.014604 0.939063
# 14 0.014731 0.934703
# 14 0.014867 0.929805
# 14 0.014994 0.925996
# 14 0.015120 0.921254
# 14 0.015256 0.915539
# 14 0.015383 0.909824
# 14 0.015509 0.904746
# 14 0.015645 0.897363
# 14 0.015772 0.891031
!

precision=256000
tau=1.900000
# 10 0.013825 0.953332
# 10 0.013952 0.950328
# 10 0.014088 0.948481
# 10 0.014215 0.944434
# 10 0.014341 0.942203
# 10 0.014478 0.939629
# 10 0.014604 0.935949
# 10 0.014731 0.932047
# 10 0.014867 0.928371
# 10 0.014994 0.926008
# 10 0.015120 0.921840
# 10 0.015256 0.917883
# 10 0.015383 0.913684
# 10 0.015509 0.910168
# 10 0.015645 0.905692
# 10 0.015772 0.902031
# 12 0.013825 0.957485
# 12 0.013952 0.955121
# 12 0.014088 0.951953
# 12 0.014215 0.948883
# 12 0.014341 0.944543
# 12 0.014478 0.941336
# 12 0.014604 0.936605
# 12 0.014731 0.933871
# 12 0.014867 0.930039
# 12 0.014994 0.926692
# 12 0.015120 0.921297
# 12 0.015256 0.916379
# 12 0.015383 0.912090
# 12 0.015509 0.908039
# 12 0.015645 0.902250
# 12 0.015772 0.896883
# 14 0.013825 0.960727
# 14 0.013952 0.958133
# 14 0.014088 0.954523
# 14 0.014215 0.951133
# 14 0.014341 0.948051
# 14 0.014478 0.943594
# 14 0.014604 0.938879
# 14 0.014731 0.935211
# 14 0.014867 0.929836
# 14 0.014994 0.925992
# 14 0.015120 0.921493
# 14 0.015256 0.915383
# 14 0.015383 0.910457
# 14 0.015509 0.905157
# 14 0.015645 0.897992
# 14 0.015772 0.891582
!

precision=256000
tau=2.000000
# 10 0.013825 0.953020
# 10 0.013952 0.949797
# 10 0.014088 0.948145
# 10 0.014215 0.943766
# 10 0.014341 0.941684
# 10 0.014478 0.939141
# 10 0.014604 0.935348
# 10 0.014731 0.931516
# 10 0.014867 0.927734
# 10 0.014994 0.925355
# 10 0.015120 0.921020
# 10 0.015256 0.916914
# 10 0.015383 0.913211
# 10 0.015509 0.909621
# 10 0.015645 0.904586
# 10 0.015772 0.900926
# 12 0.013825 0.957110
# 12 0.013952 0.954531
# 12 0.014088 0.951465
# 12 0.014215 0.948418
# 12 0.014341 0.944024
# 12 0.014478 0.941031
# 12 0.014604 0.936164
# 12 0.014731 0.933231
# 12 0.014867 0.929465
# 12 0.014994 0.926078
# 12 0.015120 0.920664
# 12 0.015256 0.915516
# 12 0.015383 0.911516
# 12 0.015509 0.907071
# 12 0.015645 0.901555
# 12 0.015772 0.895828
# 14 0.013825 0.960426
# 14 0.013952 0.957680
# 14 0.014088 0.953813
# 14 0.014215 0.950594
# 14 0.014341 0.947387
# 14 0.014478 0.943067
# 14 0.014604 0.938621
# 14 0.014731 0.934434
# 14 0.014867 0.929176
# 14 0.014994 0.925160
# 14 0.015120 0.920320
# 14 0.015256 0.914539
# 14 0.015383 0.909567
# 14 0.015509 0.904313
# 14 0.015645 0.896907
# 14 0.015772 0.890527
!

precision=256000
tau=2.100000
# 10 0.013825 0.951840
# 10 0.013952 0.948500
# 10 0.014088 0.946965
# 10 0.014215 0.942512
# 10 0.014341 0.940414
# 10 0.014478 0.937641
# 10 0.014604 0.933988
# 10 0.014731 0.930117
# 10 0.014867 0.926223
# 10 0.014994 0.923570
# 10 0.015120 0.919426
# 10 0.015256 0.915227
# 10 0.015383 0.911012
# 10 0.015509 0.907817
# 10 0.015645 0.902531
# 10 0.015772 0.898793
# 12 0.013825 0.956024
# 12 0.013952 0.953223
# 12 0.014088 0.950043
# 12 0.014215 0.947121
# 12 0.014341 0.942832
# 12 0.014478 0.939321
# 12 0.014604 0.934219
# 12 0.014731 0.931379
# 12 0.014867 0.927453
# 12 0.014994 0.924133
# 12 0.015120 0.918481
# 12 0.015256 0.913320
# 12 0.015383 0.909352
# 12 0.015509 0.904649
# 12 0.015645 0.899590
# 12 0.015772 0.892871
# 14 0.013825 0.959141
# 14 0.013952 0.956313
# 14 0.014088 0.952250
# 14 0.014215 0.949039
# 14 0.014341 0.945930
# 14 0.014478 0.941418
# 14 0.014604 0.936438
# 14 0.014731 0.932637
# 14 0.014867 0.927371
# 14 0.014994 0.922988
# 14 0.015120 0.917610
# 14 0.015256 0.912231
# 14 0.015383 0.906860
# 14 0.015509 0.901496
# 14 0.015645 0.894266
# 14 0.015772 0.887656
!

