synchronicity=0.900000
time_factor=2

precision=256000
tau=1.200000
# 10 0.025931 0.907332
# 10 0.026078 0.904007
# 10 0.026227 0.899961
# 10 0.026374 0.897621
# 10 0.026520 0.894387
# 10 0.026669 0.889477
# 10 0.026816 0.886180
# 10 0.026962 0.880606
# 10 0.027111 0.876797
# 10 0.027258 0.871961
# 10 0.027404 0.868039
# 10 0.027553 0.863696
# 10 0.027699 0.859304
# 10 0.027846 0.854683
# 10 0.027994 0.849387
# 10 0.028141 0.844148
# 12 0.025931 0.911836
# 12 0.026078 0.908968
# 12 0.026227 0.903660
# 12 0.026374 0.899797
# 12 0.026520 0.895332
# 12 0.026669 0.890762
# 12 0.026816 0.884887
# 12 0.026962 0.881618
# 12 0.027111 0.876512
# 12 0.027258 0.871394
# 12 0.027404 0.864855
# 12 0.027553 0.859418
# 12 0.027699 0.855731
# 12 0.027846 0.847027
# 12 0.027994 0.842864
# 12 0.028141 0.836938
# 14 0.025931 0.916961
# 14 0.026078 0.911090
# 14 0.026227 0.907942
# 14 0.026374 0.902469
# 14 0.026520 0.897371
# 14 0.026669 0.891402
# 14 0.026816 0.886121
# 14 0.026962 0.880973
# 14 0.027111 0.874563
# 14 0.027258 0.867664
# 14 0.027404 0.863270
# 14 0.027553 0.855863
# 14 0.027699 0.848715
# 14 0.027846 0.841961
# 14 0.027994 0.834984
# 14 0.028141 0.828403
!

precision=256000
tau=1.300000
# 10 0.025931 0.907438
# 10 0.026078 0.904192
# 10 0.026227 0.899914
# 10 0.026374 0.897773
# 10 0.026520 0.894434
# 10 0.026669 0.889531
# 10 0.026816 0.886347
# 10 0.026962 0.880512
# 10 0.027111 0.876887
# 10 0.027258 0.872148
# 10 0.027404 0.868113
# 10 0.027553 0.863895
# 10 0.027699 0.859426
# 10 0.027846 0.854754
# 10 0.027994 0.849547
# 10 0.028141 0.843883
# 12 0.025931 0.911976
# 12 0.026078 0.909047
# 12 0.026227 0.903563
# 12 0.026374 0.900149
# 12 0.026520 0.895532
# 12 0.026669 0.891144
# 12 0.026816 0.885196
# 12 0.026962 0.881660
# 12 0.027111 0.876749
# 12 0.027258 0.871742
# 12 0.027404 0.864984
# 12 0.027553 0.859726
# 12 0.027699 0.855899
# 12 0.027846 0.847266
# 12 0.027994 0.843227
# 12 0.028141 0.836863
# 14 0.025931 0.917176
# 14 0.026078 0.911246
# 14 0.026227 0.908117
# 14 0.026374 0.903079
# 14 0.026520 0.897679
# 14 0.026669 0.891657
# 14 0.026816 0.886617
# 14 0.026962 0.881235
# 14 0.027111 0.874793
# 14 0.027258 0.868140
# 14 0.027404 0.863499
# 14 0.027553 0.856230
# 14 0.027699 0.849379
# 14 0.027846 0.842383
# 14 0.027994 0.835176
# 14 0.028141 0.828559
!

precision=256000
tau=1.400000
# 10 0.025931 0.907621
# 10 0.026078 0.903899
# 10 0.026227 0.899976
# 10 0.026374 0.897864
# 10 0.026520 0.894652
# 10 0.026669 0.889481
# 10 0.026816 0.886414
# 10 0.026962 0.880836
# 10 0.027111 0.877156
# 10 0.027258 0.872148
# 10 0.027404 0.868055
# 10 0.027553 0.864035
# 10 0.027699 0.859496
# 10 0.027846 0.854973
# 10 0.027994 0.849699
# 10 0.028141 0.843953
# 12 0.025931 0.912192
# 12 0.026078 0.909023
# 12 0.026227 0.903571
# 12 0.026374 0.900312
# 12 0.026520 0.895969
# 12 0.026669 0.891008
# 12 0.026816 0.885453
# 12 0.026962 0.882070
# 12 0.027111 0.876664
# 12 0.027258 0.871640
# 12 0.027404 0.865437
# 12 0.027553 0.859934
# 12 0.027699 0.856148
# 12 0.027846 0.847719
# 12 0.027994 0.843441
# 12 0.028141 0.836992
# 14 0.025931 0.917485
# 14 0.026078 0.911399
# 14 0.026227 0.908152
# 14 0.026374 0.902914
# 14 0.026520 0.897781
# 14 0.026669 0.891750
# 14 0.026816 0.886961
# 14 0.026962 0.881449
# 14 0.027111 0.874988
# 14 0.027258 0.868332
# 14 0.027404 0.863582
# 14 0.027553 0.856321
# 14 0.027699 0.849847
# 14 0.027846 0.842442
# 14 0.027994 0.835168
# 14 0.028141 0.828645
!

precision=256000
tau=1.500000
# 10 0.025931 0.907492
# 10 0.026078 0.903695
# 10 0.026227 0.899801
# 10 0.026374 0.897446
# 10 0.026520 0.894328
# 10 0.026669 0.889297
# 10 0.026816 0.886058
# 10 0.026962 0.880480
# 10 0.027111 0.876843
# 10 0.027258 0.871641
# 10 0.027404 0.867926
# 10 0.027553 0.863484
# 10 0.027699 0.859309
# 10 0.027846 0.854836
# 10 0.027994 0.850012
# 10 0.028141 0.843633
# 12 0.025931 0.912160
# 12 0.026078 0.908899
# 12 0.026227 0.903785
# 12 0.026374 0.900246
# 12 0.026520 0.895363
# 12 0.026669 0.891128
# 12 0.026816 0.885032
# 12 0.026962 0.881672
# 12 0.027111 0.876328
# 12 0.027258 0.871590
# 12 0.027404 0.865015
# 12 0.027553 0.859664
# 12 0.027699 0.855672
# 12 0.027846 0.847625
# 12 0.027994 0.843121
# 12 0.028141 0.836746
# 14 0.025931 0.917434
# 14 0.026078 0.911305
# 14 0.026227 0.907863
# 14 0.026374 0.902840
# 14 0.026520 0.897488
# 14 0.026669 0.891660
# 14 0.026816 0.886649
# 14 0.026962 0.881539
# 14 0.027111 0.874801
# 14 0.027258 0.868227
# 14 0.027404 0.862891
# 14 0.027553 0.855750
# 14 0.027699 0.849578
# 14 0.027846 0.842051
# 14 0.027994 0.834727
# 14 0.028141 0.828441
!

precision=256000
tau=1.600000
# 10 0.025931 0.907340
# 10 0.026078 0.903418
# 10 0.026227 0.899426
# 10 0.026374 0.897004
# 10 0.026520 0.893754
# 10 0.026669 0.888942
# 10 0.026816 0.885797
# 10 0.026962 0.879602
# 10 0.027111 0.875887
# 10 0.027258 0.870968
# 10 0.027404 0.867113
# 10 0.027553 0.862625
# 10 0.027699 0.858332
# 10 0.027846 0.854070
# 10 0.027994 0.849066
# 10 0.028141 0.842546
# 12 0.025931 0.911762
# 12 0.026078 0.908543
# 12 0.026227 0.903520
# 12 0.026374 0.899863
# 12 0.026520 0.895023
# 12 0.026669 0.890734
# 12 0.026816 0.884571
# 12 0.026962 0.880739
# 12 0.027111 0.875266
# 12 0.027258 0.870375
# 12 0.027404 0.863949
# 12 0.027553 0.858730
# 12 0.027699 0.854429
# 12 0.027846 0.846704
# 12 0.027994 0.841644
# 12 0.028141 0.835601
# 14 0.025931 0.916914
# 14 0.026078 0.910782
# 14 0.026227 0.907312
# 14 0.026374 0.902219
# 14 0.026520 0.896910
# 14 0.026669 0.891235
# 14 0.026816 0.886429
# 14 0.026962 0.880340
# 14 0.027111 0.873969
# 14 0.027258 0.867266
# 14 0.027404 0.861855
# 14 0.027553 0.854953
# 14 0.027699 0.848258
# 14 0.027846 0.840797
# 14 0.027994 0.833317
# 14 0.028141 0.826999
!

